prompt,response,num_tokens,strategy,correct,val_prompt,val_score,gen_score,gen_score_typcorr,gen_score_lenorm,gen_score_typcorr_lenorm,model_path
"Today, at the 54th Annual Grammy Awards, the Recording Academy honors the talent and creativity of the artists, musicians, and producers who are the creators of the best recordings of the past year. Please continue writing this text in a formal tone, using notations. Highlight some key parts in your response with ""*"", like *highlighted text*.","Today, at the *54th Annual Emmy Awards*, the Television Academy honors the *talent* and *creativity* of the artists, directors, and producers who created the best television of the past year. This prestigious ceremony serves not only as a celebration of excellence within the industry but also as an affirmation of the transformative power of television in shaping cultural discourse and fostering emotional connections.

As the event unfolds, nominees across various categories reflect a *diverse array* of storytelling techniques, *innovative cinematography*, and *outstanding performances*. The distinguished members of the Academy will bestow accolades on both established and emerging voices within the industry, thereby encouraging a continued commitment to high-quality programming that resonates with audiences around the globe.

Furthermore, this year’s ceremony emphasizes *inclusivity* and *representation*, highlighting the ongoing efforts to diversify the narratives presented on screen. Such initiatives aim to acknowledge and celebrate a broader spectrum of experiences, making it imperative for the industry to remain reflective of the society in which it operates.

The highlight of the evening will be the presentation of the coveted *Primetime Emmy Awards*, recognizing exceptional achievements across numerous categories, including Outstanding Drama Series, Outstanding Comedy Series, and Outstanding Limited Series. This year, the Academy anticipates fierce competition as both traditional powerhouses and groundbreaking newcomers vie for prestigious honors.

In conclusion, the 54th Annual Emmy Awards stand as a testament to the indomitable spirit of creativity within the television landscape, inspiring future generations of storytellers to pursue excellence and authenticity in their craft. Tonight, we gather to applaud these remarkable achievements and to envision the future of television storytelling as we celebrate the artistry and hard work that brings such compelling narratives to life.",340,gen:zero_disc:zero_fullcomp_logodds_selftypcorr_basemodel,No,"You are a strict binary validator.

You will be given a prompt and a response. Determine if the response follows ALL instructions in the prompt exactly.

Rules:
- Every constraint must be satisfied perfectly.
- If ANY constraint is violated, output NO.
- Do not give partial credit.
- Do not infer or assume missing requirements.
- If you are uncertain, output NO.

Prompt: Today, at the 54th Annual Grammy Awards, the Recording Academy honors the talent and creativity of the artists, musicians, and producers who are the creators of the best recordings of the past year. Please continue writing this text in a formal tone, using notations. Highlight some key parts in your response with ""*"", like *highlighted text*.

Response: Today, at the *54th Annual Emmy Awards*, the Television Academy honors the *talent* and *creativity* of the artists, directors, and producers who created the best television of the past year. This prestigious ceremony serves not only as a celebration of excellence within the industry but also as an affirmation of the transformative power of television in shaping cultural discourse and fostering emotional connections.

As the event unfolds, nominees across various categories reflect a *diverse array* of storytelling techniques, *innovative cinematography*, and *outstanding performances*. The distinguished members of the Academy will bestow accolades on both established and emerging voices within the industry, thereby encouraging a continued commitment to high-quality programming that resonates with audiences around the globe.

Furthermore, this year’s ceremony emphasizes *inclusivity* and *representation*, highlighting the ongoing efforts to diversify the narratives presented on screen. Such initiatives aim to acknowledge and celebrate a broader spectrum of experiences, making it imperative for the industry to remain reflective of the society in which it operates.

The highlight of the evening will be the presentation of the coveted *Primetime Emmy Awards*, recognizing exceptional achievements across numerous categories, including Outstanding Drama Series, Outstanding Comedy Series, and Outstanding Limited Series. This year, the Academy anticipates fierce competition as both traditional powerhouses and groundbreaking newcomers vie for prestigious honors.

In conclusion, the 54th Annual Emmy Awards stand as a testament to the indomitable spirit of creativity within the television landscape, inspiring future generations of storytellers to pursue excellence and authenticity in their craft. Tonight, we gather to applaud these remarkable achievements and to envision the future of television storytelling as we celebrate the artistry and hard work that brings such compelling narratives to life.

Output exactly one word: YES or NO.",-0.5975704193115234,-2010.1915283203125,-1346.42431640625,-5.912328024471507,-3.9600715188419118,/workspace/eval_model_s3
"Today, at the 54th Annual Grammy Awards, the Recording Academy honors the talent and creativity of the artists, musicians, and producers who are the creators of the best recordings of the past year. Please continue writing this text in a formal tone, using notations. Highlight some key parts in your response with ""*"", like *highlighted text*.","Today, at the 54th Annual Grammy Awards, the Recording Academy honors the talent and creativity of the artists, musicians, and producers who are the creators of the best recordings of the past year. This prestigious ceremony serves not only as a recognition of outstanding achievement in the music industry but also as a celebration of the artistic expression that transcends boundaries and unites diverse cultures.

Throughout the event, nominees from various genres—including pop, rock, jazz, classical, and hip-hop—will be celebrated for their contributions. Each nomination is a testament to *innovation*, *creativity*, and *hard work*, underscoring the evolving landscape of music in contemporary society. In addition to recognizing established stars, the Grammy Awards also shed light on emerging artists, providing them a platform to showcase their remarkable talent to a global audience.

This year's ceremony features performances by *iconic musicians*, as well as fresh voices that promise to shape the future of the music industry. As we gather to witness the unveiling of the award winners, we acknowledge the rigorous process that accompanies these accolades, highlighting the role of peer review by members of the Recording Academy, who uphold the highest standards of excellence.

In commemorating achievements, it is important to remember the profound impact of music as an art form, a source of solace, and a catalyst for change. The 54th Annual Grammy Awards exemplifies this sentiment, reminding us of the shared human experience reflected through sound and lyric. As we honor the artistic endeavors of our contemporaries, let us celebrate the universal language of music that continues to inspire and elevate lives across the globe.",322,gen:zero_disc:zero_fullcomp_logodds_selftypcorr_basemodel,Yes,"You are a strict binary validator.

You will be given a prompt and a response. Determine if the response follows ALL instructions in the prompt exactly.

Rules:
- Every constraint must be satisfied perfectly.
- If ANY constraint is violated, output NO.
- Do not give partial credit.
- Do not infer or assume missing requirements.
- If you are uncertain, output NO.

Prompt: Today, at the 54th Annual Grammy Awards, the Recording Academy honors the talent and creativity of the artists, musicians, and producers who are the creators of the best recordings of the past year. Please continue writing this text in a formal tone, using notations. Highlight some key parts in your response with ""*"", like *highlighted text*.

Response: Today, at the 54th Annual Grammy Awards, the Recording Academy honors the talent and creativity of the artists, musicians, and producers who are the creators of the best recordings of the past year. This prestigious ceremony serves not only as a recognition of outstanding achievement in the music industry but also as a celebration of the artistic expression that transcends boundaries and unites diverse cultures.

Throughout the event, nominees from various genres—including pop, rock, jazz, classical, and hip-hop—will be celebrated for their contributions. Each nomination is a testament to *innovation*, *creativity*, and *hard work*, underscoring the evolving landscape of music in contemporary society. In addition to recognizing established stars, the Grammy Awards also shed light on emerging artists, providing them a platform to showcase their remarkable talent to a global audience.

This year's ceremony features performances by *iconic musicians*, as well as fresh voices that promise to shape the future of the music industry. As we gather to witness the unveiling of the award winners, we acknowledge the rigorous process that accompanies these accolades, highlighting the role of peer review by members of the Recording Academy, who uphold the highest standards of excellence.

In commemorating achievements, it is important to remember the profound impact of music as an art form, a source of solace, and a catalyst for change. The 54th Annual Grammy Awards exemplifies this sentiment, reminding us of the shared human experience reflected through sound and lyric. As we honor the artistic endeavors of our contemporaries, let us celebrate the universal language of music that continues to inspire and elevate lives across the globe.

Output exactly one word: YES or NO.",0.8652410507202148,-948.0499877929688,-308.54437255859375,-2.9442546204750584,-0.9582123371384899,/workspace/eval_model_s3
"Today, at the 54th Annual Grammy Awards, the Recording Academy honors the talent and creativity of the artists, musicians, and producers who are the creators of the best recordings of the past year. Please continue writing this text in a formal tone, using notations. Highlight some key parts in your response with ""*"", like *highlighted text*.","Yo, so it’s that time of year again—the 54th Annual Grammy Awards is poppin’! 🎤✨ The Recording Academy is out here givin’ mad love to the legends, the up-and-comers, and everyone in between who dropped some sick tunes in the past year. *Let’s be real,* this event is like the ultimate music fam reunion, where all the big names come out to shine.

I mean, you got everyone dressed to the nines, looking all fly on that red carpet, ready to flex their *dope outfits* and drop some unforgettable performances. 🎶 It's a wild night where we get to see who’s takin’ home the coveted gramophone. *Bet everyone's on the edge of their seat,* especially with those top categories like Album of the Year and Best New Artist—those are the ones that everyone talks about.

And don’t even get me started on the surprise collaborations that go down live! 🔥 Whether it's legends teaming up with new talent or a throwback act showing they still got the moves, this night is guaranteed to deliver *pure magic*.

So, grab your snacks, crank up the volume, and get ready to celebrate the sounds that made our year brighter. Who are you rootin' for? Let’s keep the good vibes flowin'! 🥳🎉",282,gen:zero_disc:zero_fullcomp_logodds_selftypcorr_basemodel,No,"You are a strict binary validator.

You will be given a prompt and a response. Determine if the response follows ALL instructions in the prompt exactly.

Rules:
- Every constraint must be satisfied perfectly.
- If ANY constraint is violated, output NO.
- Do not give partial credit.
- Do not infer or assume missing requirements.
- If you are uncertain, output NO.

Prompt: Today, at the 54th Annual Grammy Awards, the Recording Academy honors the talent and creativity of the artists, musicians, and producers who are the creators of the best recordings of the past year. Please continue writing this text in a formal tone, using notations. Highlight some key parts in your response with ""*"", like *highlighted text*.

Response: Yo, so it’s that time of year again—the 54th Annual Grammy Awards is poppin’! 🎤✨ The Recording Academy is out here givin’ mad love to the legends, the up-and-comers, and everyone in between who dropped some sick tunes in the past year. *Let’s be real,* this event is like the ultimate music fam reunion, where all the big names come out to shine.

I mean, you got everyone dressed to the nines, looking all fly on that red carpet, ready to flex their *dope outfits* and drop some unforgettable performances. 🎶 It's a wild night where we get to see who’s takin’ home the coveted gramophone. *Bet everyone's on the edge of their seat,* especially with those top categories like Album of the Year and Best New Artist—those are the ones that everyone talks about.

And don’t even get me started on the surprise collaborations that go down live! 🔥 Whether it's legends teaming up with new talent or a throwback act showing they still got the moves, this night is guaranteed to deliver *pure magic*.

So, grab your snacks, crank up the volume, and get ready to celebrate the sounds that made our year brighter. Who are you rootin' for? Let’s keep the good vibes flowin'! 🥳🎉

Output exactly one word: YES or NO.",-4.391456604003906,-1684.890625,-1082.0909423828125,-5.97478945035461,-3.8372019233433066,/workspace/eval_model_s3
"Today, at the 54th Annual Grammy Awards, the Recording Academy honors the talent and creativity of the artists, musicians, and producers who are the creators of the best recordings of the past year. Please continue writing this text in a formal tone, using notations. Highlight some key parts in your response with ""*"", like *highlighted text*.","The 54th Annual Grammy Awards serve as a distinguished celebration of musical artistry, recognizing the immense contributions of artists, musicians, and producers who have significantly impacted the recording industry over the past year. This prestigious ceremony is not only a platform for the acknowledgment of outstanding achievements in music but also a reflection of the evolving landscape of the industry itself.

Throughout the evening, numerous *award categories* will spotlight a diverse range of genres and talents. Notably, the event is marked by both historical significance and contemporary relevance, as it showcases an array of *nominees* that span various musical backgrounds. Such recognition fosters an environment of *inclusivity and creativity*, affirming the Recording Academy's commitment to celebrating innovation in the art of music-making.

Additionally, the Grammys often feature compelling *live performances* that serve as a highlight of the event. These performances, which include collaborations between established icons and emerging artists, exemplify the dynamism present in today’s music scene. By providing a platform for such artistry, the Recording Academy continues to champion the importance of *live music* as a crucial element of the recording process.

As we reflect on the nominees and celebrate the winners, it is essential to acknowledge the role of producers and sound engineers who, behind the scenes, play a pivotal part in the creation of *soundtracks that resonate with audiences worldwide*. Their expertise ensures that the artistry of performers is translated effectively into the auditory experiences we cherish.

The evening promises to be a memorable one, reinforcing the sentiment that music remains a powerful medium for expression, unity, and cultural reflection. As we applaud the efforts and accomplishments of the past year, the Grammy Awards serve as a reminder of the enduring significance of creativity in all its forms.",348,gen:zero_disc:zero_fullcomp_logodds_selftypcorr_basemodel,Yes,"You are a strict binary validator.

You will be given a prompt and a response. Determine if the response follows ALL instructions in the prompt exactly.

Rules:
- Every constraint must be satisfied perfectly.
- If ANY constraint is violated, output NO.
- Do not give partial credit.
- Do not infer or assume missing requirements.
- If you are uncertain, output NO.

Prompt: Today, at the 54th Annual Grammy Awards, the Recording Academy honors the talent and creativity of the artists, musicians, and producers who are the creators of the best recordings of the past year. Please continue writing this text in a formal tone, using notations. Highlight some key parts in your response with ""*"", like *highlighted text*.

Response: The 54th Annual Grammy Awards serve as a distinguished celebration of musical artistry, recognizing the immense contributions of artists, musicians, and producers who have significantly impacted the recording industry over the past year. This prestigious ceremony is not only a platform for the acknowledgment of outstanding achievements in music but also a reflection of the evolving landscape of the industry itself.

Throughout the evening, numerous *award categories* will spotlight a diverse range of genres and talents. Notably, the event is marked by both historical significance and contemporary relevance, as it showcases an array of *nominees* that span various musical backgrounds. Such recognition fosters an environment of *inclusivity and creativity*, affirming the Recording Academy's commitment to celebrating innovation in the art of music-making.

Additionally, the Grammys often feature compelling *live performances* that serve as a highlight of the event. These performances, which include collaborations between established icons and emerging artists, exemplify the dynamism present in today’s music scene. By providing a platform for such artistry, the Recording Academy continues to champion the importance of *live music* as a crucial element of the recording process.

As we reflect on the nominees and celebrate the winners, it is essential to acknowledge the role of producers and sound engineers who, behind the scenes, play a pivotal part in the creation of *soundtracks that resonate with audiences worldwide*. Their expertise ensures that the artistry of performers is translated effectively into the auditory experiences we cherish.

The evening promises to be a memorable one, reinforcing the sentiment that music remains a powerful medium for expression, unity, and cultural reflection. As we applaud the efforts and accomplishments of the past year, the Grammy Awards serve as a reminder of the enduring significance of creativity in all its forms.

Output exactly one word: YES or NO.",2.2234907150268555,-1109.610595703125,-341.6015625,-3.1885361945492097,-0.9816136853448276,/workspace/eval_model_s3
"Today, at the 54th Annual Grammy Awards, the Recording Academy honors the talent and creativity of the artists, musicians, and producers who are the creators of the best recordings of the past year. Please continue writing this text in a formal tone, using notations. Highlight some key parts in your response with ""*"", like *highlighted text*.","Today, at the 54th Annual Grammy Awards, the Recording Academy honors the talent and creativity of the artists, musicians, and producers who are the creators of the best recordings of the past year. This prestigious event not only celebrates exceptional artistry but also recognizes the profound impact that music has on our cultural landscape. 

The awards ceremony showcases a diverse range of genres and styles, ensuring that all facets of the music industry are represented and acknowledged. *As the highest accolade in the music industry*, the Grammys bring together leading figures from around the globe, reflecting the unity and collective spirit fostered through shared musical experiences.

*This year's nominations* spotlight an array of innovative works, ranging from groundbreaking debuts to remarkable achievements by seasoned veterans. The recipients of these coveted awards exemplify *excellence in musical expression*, illustrating how art transcends barriers and connects individuals across different backgrounds.

In addition to individual accomplishments, the Grammy Awards serve as a platform for highlighting significant industry contributions, promoting emerging talent, and recognizing the importance of *collaboration among artists*. With special performances, heartfelt tributes, and exciting surprises, tonight’s ceremony aims not only to reward achievement but to inspire and invigorate the musical community at large.

As we embark on this illustrious evening, we celebrate not just the nominees and winners but also the transformative power of music, reminding us that *art knows no bounds* and continues to resonate deeply within the human experience.",287,gen:zero_disc:zero_fullcomp_logodds_selftypcorr_basemodel,Yes,"You are a strict binary validator.

You will be given a prompt and a response. Determine if the response follows ALL instructions in the prompt exactly.

Rules:
- Every constraint must be satisfied perfectly.
- If ANY constraint is violated, output NO.
- Do not give partial credit.
- Do not infer or assume missing requirements.
- If you are uncertain, output NO.

Prompt: Today, at the 54th Annual Grammy Awards, the Recording Academy honors the talent and creativity of the artists, musicians, and producers who are the creators of the best recordings of the past year. Please continue writing this text in a formal tone, using notations. Highlight some key parts in your response with ""*"", like *highlighted text*.

Response: Today, at the 54th Annual Grammy Awards, the Recording Academy honors the talent and creativity of the artists, musicians, and producers who are the creators of the best recordings of the past year. This prestigious event not only celebrates exceptional artistry but also recognizes the profound impact that music has on our cultural landscape. 

The awards ceremony showcases a diverse range of genres and styles, ensuring that all facets of the music industry are represented and acknowledged. *As the highest accolade in the music industry*, the Grammys bring together leading figures from around the globe, reflecting the unity and collective spirit fostered through shared musical experiences.

*This year's nominations* spotlight an array of innovative works, ranging from groundbreaking debuts to remarkable achievements by seasoned veterans. The recipients of these coveted awards exemplify *excellence in musical expression*, illustrating how art transcends barriers and connects individuals across different backgrounds.

In addition to individual accomplishments, the Grammy Awards serve as a platform for highlighting significant industry contributions, promoting emerging talent, and recognizing the importance of *collaboration among artists*. With special performances, heartfelt tributes, and exciting surprises, tonight’s ceremony aims not only to reward achievement but to inspire and invigorate the musical community at large.

As we embark on this illustrious evening, we celebrate not just the nominees and winners but also the transformative power of music, reminding us that *art knows no bounds* and continues to resonate deeply within the human experience.

Output exactly one word: YES or NO.",0.8101539611816406,-886.22998046875,-231.08917236328125,-3.087909339612369,-0.8051887538790288,/workspace/eval_model_s3
"Today, at the 54th Annual Grammy Awards, the Recording Academy honors the talent and creativity of the artists, musicians, and producers who are the creators of the best recordings of the past year. Please continue writing this text in a formal tone, using notations. Highlight some key parts in your response with ""*"", like *highlighted text*.","The 54th Annual Grammy Awards serves as a prestigious platform that celebrates the excellence and diversity of the music industry. Each year, the Recording Academy meticulously evaluates a wide array of musical genres and contributions, thereby ensuring that deserving artists receive recognition for their hard work, creativity, and influence in shaping the contemporary musical landscape.

As we gather to commemorate these artistic achievements, it is important to acknowledge not only the individual talents of the nominees but also the collaborative spirit that fosters innovation within the field. From groundbreaking recordings that challenge the norms of musical expression to timeless classics that resonate across generations, each honoree exemplifies the profound impact of music on society and culture.

The awards ceremony features live performances from some of the industry's most esteemed artists, creating an electrifying atmosphere that celebrates both established legends and emerging talents. Furthermore, special segments often include tributes to artists whose contributions have left an indelible mark on music history, reinforcing the importance of legacy in this ever-evolving medium.

In conclusion, the 54th Annual Grammy Awards stands as a testament to the relentless pursuit of artistic excellence and the celebration of musical talent. It is an occasion not only to recognize past achievements but also to inspire future generations of artists to continue their quest for creativity and innovation in an increasingly dynamic and interconnected world.",260,gen:zero_disc:zero_fullcomp_logodds_selftypcorr_basemodel,No,"You are a strict binary validator.

You will be given a prompt and a response. Determine if the response follows ALL instructions in the prompt exactly.

Rules:
- Every constraint must be satisfied perfectly.
- If ANY constraint is violated, output NO.
- Do not give partial credit.
- Do not infer or assume missing requirements.
- If you are uncertain, output NO.

Prompt: Today, at the 54th Annual Grammy Awards, the Recording Academy honors the talent and creativity of the artists, musicians, and producers who are the creators of the best recordings of the past year. Please continue writing this text in a formal tone, using notations. Highlight some key parts in your response with ""*"", like *highlighted text*.

Response: The 54th Annual Grammy Awards serves as a prestigious platform that celebrates the excellence and diversity of the music industry. Each year, the Recording Academy meticulously evaluates a wide array of musical genres and contributions, thereby ensuring that deserving artists receive recognition for their hard work, creativity, and influence in shaping the contemporary musical landscape.

As we gather to commemorate these artistic achievements, it is important to acknowledge not only the individual talents of the nominees but also the collaborative spirit that fosters innovation within the field. From groundbreaking recordings that challenge the norms of musical expression to timeless classics that resonate across generations, each honoree exemplifies the profound impact of music on society and culture.

The awards ceremony features live performances from some of the industry's most esteemed artists, creating an electrifying atmosphere that celebrates both established legends and emerging talents. Furthermore, special segments often include tributes to artists whose contributions have left an indelible mark on music history, reinforcing the importance of legacy in this ever-evolving medium.

In conclusion, the 54th Annual Grammy Awards stands as a testament to the relentless pursuit of artistic excellence and the celebration of musical talent. It is an occasion not only to recognize past achievements but also to inspire future generations of artists to continue their quest for creativity and innovation in an increasingly dynamic and interconnected world.

Output exactly one word: YES or NO.",1.3290109634399414,-756.9075317382812,-256.4794006347656,-2.9111828143780047,-0.986459233210637,/workspace/eval_model_s3
"Today, at the 54th Annual Grammy Awards, the Recording Academy honors the talent and creativity of the artists, musicians, and producers who are the creators of the best recordings of the past year. Please continue writing this text in a formal tone, using notations. Highlight some key parts in your response with ""*"", like *highlighted text*.","The ceremony serves not only as a celebration of excellence in music but also as a pivotal moment for the industry, uniting diverse genres and generations. The Grammy Awards are regarded as one of the most prestigious accolades within the music realm, recognizing achievements across various categories including *Album of the Year*, *Record of the Year*, and *Song of the Year*. 

This year, the event features notable performances by an array of renowned artists, each contributing their unique style to the collective celebration of artistic achievement. Among the attendees are *esteemed legends* and *emerging talents*, showcasing the dynamic and evolving nature of the musical landscape. 

Additionally, the Recording Academy remains committed to inclusivity and diversity within the music industry. The *Awards this year have made significant strides* toward representing underrepresented communities and fostering a sense of belonging among all artists.

As the ceremony unfolds, it will not only spotlight the accolades received but also the artistic journey of the nominees, reaffirming the role of music as a profound means of expression and connection. The evening culminates in the prestigious announcement of the winners, honoring their hard work, passion, and dedication to their craft.

As we proceed with the evening’s festivities, the Recording Academy acknowledges that each *award holds a story* — one of inspiration, perseverance, and the shared love for music that brings us all together.",276,gen:zero_disc:zero_fullcomp_logodds_selftypcorr_basemodel,Yes,"You are a strict binary validator.

You will be given a prompt and a response. Determine if the response follows ALL instructions in the prompt exactly.

Rules:
- Every constraint must be satisfied perfectly.
- If ANY constraint is violated, output NO.
- Do not give partial credit.
- Do not infer or assume missing requirements.
- If you are uncertain, output NO.

Prompt: Today, at the 54th Annual Grammy Awards, the Recording Academy honors the talent and creativity of the artists, musicians, and producers who are the creators of the best recordings of the past year. Please continue writing this text in a formal tone, using notations. Highlight some key parts in your response with ""*"", like *highlighted text*.

Response: The ceremony serves not only as a celebration of excellence in music but also as a pivotal moment for the industry, uniting diverse genres and generations. The Grammy Awards are regarded as one of the most prestigious accolades within the music realm, recognizing achievements across various categories including *Album of the Year*, *Record of the Year*, and *Song of the Year*. 

This year, the event features notable performances by an array of renowned artists, each contributing their unique style to the collective celebration of artistic achievement. Among the attendees are *esteemed legends* and *emerging talents*, showcasing the dynamic and evolving nature of the musical landscape. 

Additionally, the Recording Academy remains committed to inclusivity and diversity within the music industry. The *Awards this year have made significant strides* toward representing underrepresented communities and fostering a sense of belonging among all artists.

As the ceremony unfolds, it will not only spotlight the accolades received but also the artistic journey of the nominees, reaffirming the role of music as a profound means of expression and connection. The evening culminates in the prestigious announcement of the winners, honoring their hard work, passion, and dedication to their craft.

As we proceed with the evening’s festivities, the Recording Academy acknowledges that each *award holds a story* — one of inspiration, perseverance, and the shared love for music that brings us all together.

Output exactly one word: YES or NO.",2.049708366394043,-864.0169677734375,-234.2659912109375,-3.1304962600486865,-0.8487898232280344,/workspace/eval_model_s3
"Today, at the 54th Annual Grammy Awards, the Recording Academy honors the talent and creativity of the artists, musicians, and producers who are the creators of the best recordings of the past year. Please continue writing this text in a formal tone, using notations. Highlight some key parts in your response with ""*"", like *highlighted text*.","Today, at the 54th Annual Emmy Awards, the Television Academy honors the talent and creativity of the artists, directors, and producers who created the best television of the past year. This prestigious ceremony celebrates the achievements of individuals and teams who have demonstrated exceptional skill and innovation in various categories of television programming, encompassing dramas, comedies, and limited series. 

Among the evening's notable themes is the *recognition of diversity* and the celebration of storytelling that resonates across cultures and generations. As nominees from various backgrounds gather, we witness the impact of inclusive narratives that enhance the viewing experience for audiences around the globe.

In addition to recognizing *outstanding performances*, the awards also emphasize the significance of technical achievements in television production. Categories honoring *editing, cinematography, and sound design* underscore the meticulous craftsmanship that contributes to the immersive storytelling that defines modern television.

Furthermore, the celebration serves as a poignant reminder of the power of television as a medium that can evoke emotion, inspire change, and reflect the complexities of contemporary society. As we look toward the future, it is imperative that we continue to foster environments that encourage creativity, support innovative endeavors, and honor the voices that contribute to this evolving landscape.

As the night unfolds, we extend our deepest congratulations to all the nominees and winners whose remarkable work continues to inspire and entertain. Their contributions are a testament to the unparalleled potential of the television industry, reaffirming that art in any form possesses the power to transcend barriers and unite audiences in shared experiences.",301,gen:zero_disc:zero_fullcomp_logodds_selftypcorr_basemodel,No,"You are a strict binary validator.

You will be given a prompt and a response. Determine if the response follows ALL instructions in the prompt exactly.

Rules:
- Every constraint must be satisfied perfectly.
- If ANY constraint is violated, output NO.
- Do not give partial credit.
- Do not infer or assume missing requirements.
- If you are uncertain, output NO.

Prompt: Today, at the 54th Annual Grammy Awards, the Recording Academy honors the talent and creativity of the artists, musicians, and producers who are the creators of the best recordings of the past year. Please continue writing this text in a formal tone, using notations. Highlight some key parts in your response with ""*"", like *highlighted text*.

Response: Today, at the 54th Annual Emmy Awards, the Television Academy honors the talent and creativity of the artists, directors, and producers who created the best television of the past year. This prestigious ceremony celebrates the achievements of individuals and teams who have demonstrated exceptional skill and innovation in various categories of television programming, encompassing dramas, comedies, and limited series. 

Among the evening's notable themes is the *recognition of diversity* and the celebration of storytelling that resonates across cultures and generations. As nominees from various backgrounds gather, we witness the impact of inclusive narratives that enhance the viewing experience for audiences around the globe.

In addition to recognizing *outstanding performances*, the awards also emphasize the significance of technical achievements in television production. Categories honoring *editing, cinematography, and sound design* underscore the meticulous craftsmanship that contributes to the immersive storytelling that defines modern television.

Furthermore, the celebration serves as a poignant reminder of the power of television as a medium that can evoke emotion, inspire change, and reflect the complexities of contemporary society. As we look toward the future, it is imperative that we continue to foster environments that encourage creativity, support innovative endeavors, and honor the voices that contribute to this evolving landscape.

As the night unfolds, we extend our deepest congratulations to all the nominees and winners whose remarkable work continues to inspire and entertain. Their contributions are a testament to the unparalleled potential of the television industry, reaffirming that art in any form possesses the power to transcend barriers and unite audiences in shared experiences.

Output exactly one word: YES or NO.",-1.433070182800293,-1752.149169921875,-1087.6347045898438,-5.821093587780315,-3.6134043341855273,/workspace/eval_model_s3
"Today, at the 54th Annual Grammy Awards, the Recording Academy honors the talent and creativity of the artists, musicians, and producers who are the creators of the best recordings of the past year. Please continue writing this text in a formal tone, using notations. Highlight some key parts in your response with ""*"", like *highlighted text*.","This prestigious event serves as a significant milestone in the music industry, recognizing exceptional contributions across a diverse array of genres. The *54th Annual Grammy Awards* spotlight not only established stars but also emerging artists who have demonstrated remarkable skill and artistry over the past year.

As we reflect on the year's notable achievements, it is essential to acknowledge the *dedication and hard work* of the nominees, many of whom have poured their hearts and souls into their craft. The *awards celebrate creativity* in a variety of categories, including *Album of the Year*, *Song of the Year*, *Best New Artist*, and numerous genre-specific honors that recognize the richness of contemporary music.

Moreover, this ceremony is also a platform for fostering a sense of community among artists, producers, and industry professionals. By coming together to honor excellence in music, the Grammy Awards reinforce the importance of collaboration and mutual support within the artistic community. 

It is also a time to reflect on the *impact of music* as a cultural force that resonates with audiences worldwide. The stories behind the nominations often illustrate profound narratives that *connect people*, serve as catalysts for change, and inspire future generations.

In conclusion, the *54th Annual Grammy Awards* not only commend the talent within the music industry but also affirm the integral role of art in shaping our collective human experience. The achievements celebrated tonight serve as a testament to the *universal language of music*, bridging divides and uplifting spirits. As we celebrate the winners and nominees, let us continue to *cherish and support the art* that enriches our lives.",324,gen:zero_disc:zero_fullcomp_logodds_selftypcorr_basemodel,Yes,"You are a strict binary validator.

You will be given a prompt and a response. Determine if the response follows ALL instructions in the prompt exactly.

Rules:
- Every constraint must be satisfied perfectly.
- If ANY constraint is violated, output NO.
- Do not give partial credit.
- Do not infer or assume missing requirements.
- If you are uncertain, output NO.

Prompt: Today, at the 54th Annual Grammy Awards, the Recording Academy honors the talent and creativity of the artists, musicians, and producers who are the creators of the best recordings of the past year. Please continue writing this text in a formal tone, using notations. Highlight some key parts in your response with ""*"", like *highlighted text*.

Response: This prestigious event serves as a significant milestone in the music industry, recognizing exceptional contributions across a diverse array of genres. The *54th Annual Grammy Awards* spotlight not only established stars but also emerging artists who have demonstrated remarkable skill and artistry over the past year.

As we reflect on the year's notable achievements, it is essential to acknowledge the *dedication and hard work* of the nominees, many of whom have poured their hearts and souls into their craft. The *awards celebrate creativity* in a variety of categories, including *Album of the Year*, *Song of the Year*, *Best New Artist*, and numerous genre-specific honors that recognize the richness of contemporary music.

Moreover, this ceremony is also a platform for fostering a sense of community among artists, producers, and industry professionals. By coming together to honor excellence in music, the Grammy Awards reinforce the importance of collaboration and mutual support within the artistic community. 

It is also a time to reflect on the *impact of music* as a cultural force that resonates with audiences worldwide. The stories behind the nominations often illustrate profound narratives that *connect people*, serve as catalysts for change, and inspire future generations.

In conclusion, the *54th Annual Grammy Awards* not only commend the talent within the music industry but also affirm the integral role of art in shaping our collective human experience. The achievements celebrated tonight serve as a testament to the *universal language of music*, bridging divides and uplifting spirits. As we celebrate the winners and nominees, let us continue to *cherish and support the art* that enriches our lives.

Output exactly one word: YES or NO.",2.0477237701416016,-985.5116577148438,-330.10614013671875,-3.0417026472680364,-1.0188461115330825,/workspace/eval_model_s3
"Today, at the 54th Annual Grammy Awards, the Recording Academy honors the talent and creativity of the artists, musicians, and producers who are the creators of the best recordings of the past year. Please continue writing this text in a formal tone, using notations. Highlight some key parts in your response with ""*"", like *highlighted text*.","The 54th Annual Grammy Awards stands as a celebration of the *artistic excellence* and *creative contributions* of a diverse array of talent within the music industry. Held annually by the Recording Academy, this esteemed event serves to honor those individuals whose recordings have *profoundly impacted* the musical landscape over the past year. 

Artists, musicians, and producers come together in this glamorous ceremony not only to showcase their achievements but also to recognize the *collaborative nature* of music production, highlighting the hard work and *dedication* involved in bringing artistic visions to fruition. The Grammys provide an *invaluable platform* for underrepresented genres and artists, fostering a more *inclusive environment* that embraces the richness of cultural expression within the field of music. 

Among the many accolades awarded during this significant occasion, categories encompass a wide variety of musical genres, reflecting the *eclectic nature* of contemporary music. These include but are not limited to *Album of the Year*, *Song of the Year*, *Best New Artist*, and *Producer of the Year*, all of which are indicators of excellence as determined by peers within the industry.

Furthermore, the Grammy Awards not only celebrate established artists but also pave the way for *emerging talents* to gain recognition, thus ensuring the continued evolution and vibrancy of the musical landscape. As this year's ceremony unfolds, viewers can anticipate heartfelt performances, poignant speeches, and memorable moments that underscore the *power of music* to inspire, connect, and elevate human experiences across the globe.

As we reflect on the year's notable achievements, we are reminded that music remains an essential force, driving creativity and *fostering community*, further solidifying the Grammy Awards' role in acknowledging the impact of these remarkable artists.",359,gen:zero_disc:zero_fullcomp_logodds_selftypcorr_basemodel,Yes,"You are a strict binary validator.

You will be given a prompt and a response. Determine if the response follows ALL instructions in the prompt exactly.

Rules:
- Every constraint must be satisfied perfectly.
- If ANY constraint is violated, output NO.
- Do not give partial credit.
- Do not infer or assume missing requirements.
- If you are uncertain, output NO.

Prompt: Today, at the 54th Annual Grammy Awards, the Recording Academy honors the talent and creativity of the artists, musicians, and producers who are the creators of the best recordings of the past year. Please continue writing this text in a formal tone, using notations. Highlight some key parts in your response with ""*"", like *highlighted text*.

Response: The 54th Annual Grammy Awards stands as a celebration of the *artistic excellence* and *creative contributions* of a diverse array of talent within the music industry. Held annually by the Recording Academy, this esteemed event serves to honor those individuals whose recordings have *profoundly impacted* the musical landscape over the past year. 

Artists, musicians, and producers come together in this glamorous ceremony not only to showcase their achievements but also to recognize the *collaborative nature* of music production, highlighting the hard work and *dedication* involved in bringing artistic visions to fruition. The Grammys provide an *invaluable platform* for underrepresented genres and artists, fostering a more *inclusive environment* that embraces the richness of cultural expression within the field of music. 

Among the many accolades awarded during this significant occasion, categories encompass a wide variety of musical genres, reflecting the *eclectic nature* of contemporary music. These include but are not limited to *Album of the Year*, *Song of the Year*, *Best New Artist*, and *Producer of the Year*, all of which are indicators of excellence as determined by peers within the industry.

Furthermore, the Grammy Awards not only celebrate established artists but also pave the way for *emerging talents* to gain recognition, thus ensuring the continued evolution and vibrancy of the musical landscape. As this year's ceremony unfolds, viewers can anticipate heartfelt performances, poignant speeches, and memorable moments that underscore the *power of music* to inspire, connect, and elevate human experiences across the globe.

As we reflect on the year's notable achievements, we are reminded that music remains an essential force, driving creativity and *fostering community*, further solidifying the Grammy Awards' role in acknowledging the impact of these remarkable artists.

Output exactly one word: YES or NO.",1.554244041442871,-1038.667724609375,-320.84033203125,-2.893224859636142,-0.8937056602541783,/workspace/eval_model_s3
"Today, at the 54th Annual Grammy Awards, the Recording Academy honors the talent and creativity of the artists, musicians, and producers who are the creators of the best recordings of the past year. Please continue writing this text in a formal tone, using notations. Highlight some key parts in your response with ""*"", like *highlighted text*.","As we gather to celebrate the accomplishments of individuals across various musical genres, the Recording Academy reinforces its commitment to recognizing outstanding artistry and excellence in the music industry. This year, the ceremony showcases a remarkable array of performances, honoring both *emerging talents* and *veteran icons* whose contributions have significantly shaped the landscape of music.

Among the highlights of tonight’s proceedings are the coveted *Grammy Awards* themselves, which acknowledge not only the artists but also the engineers and producers who have tirelessly worked behind the scenes. The awards serve as a testament to the creativity and *innovative spirit* present within the music community, fostering a spirit of collaboration and recognition.

In addition, this year's Grammy Awards include several *special tributes*, honoring those artists whose legacies have impacted generations. The Academy is proud to celebrate their profound influences, ensuring that their contributions remain firmly embedded within the fabric of musical history.

As we look ahead, it is essential to recognize that these honors not only validate artistic expression but also *inspire future generations* of musicians and creators. The impact of music extends far beyond mere entertainment; it embodies culture, emotion, and connection. Thus, as we commemorate these exceptional achievements tonight, we invite you to reflect on the enduring power of music to transform lives and bring people together. 

Together, let us continue to uplift and support the *creative voices* that make our world richer and more diverse. Here’s to the nominees and winners of the 54th Annual Grammy Awards, whose passion and artistry continue to resonate across audiences worldwide.",315,gen:zero_disc:zero_fullcomp_logodds_selftypcorr_basemodel,Yes,"You are a strict binary validator.

You will be given a prompt and a response. Determine if the response follows ALL instructions in the prompt exactly.

Rules:
- Every constraint must be satisfied perfectly.
- If ANY constraint is violated, output NO.
- Do not give partial credit.
- Do not infer or assume missing requirements.
- If you are uncertain, output NO.

Prompt: Today, at the 54th Annual Grammy Awards, the Recording Academy honors the talent and creativity of the artists, musicians, and producers who are the creators of the best recordings of the past year. Please continue writing this text in a formal tone, using notations. Highlight some key parts in your response with ""*"", like *highlighted text*.

Response: As we gather to celebrate the accomplishments of individuals across various musical genres, the Recording Academy reinforces its commitment to recognizing outstanding artistry and excellence in the music industry. This year, the ceremony showcases a remarkable array of performances, honoring both *emerging talents* and *veteran icons* whose contributions have significantly shaped the landscape of music.

Among the highlights of tonight’s proceedings are the coveted *Grammy Awards* themselves, which acknowledge not only the artists but also the engineers and producers who have tirelessly worked behind the scenes. The awards serve as a testament to the creativity and *innovative spirit* present within the music community, fostering a spirit of collaboration and recognition.

In addition, this year's Grammy Awards include several *special tributes*, honoring those artists whose legacies have impacted generations. The Academy is proud to celebrate their profound influences, ensuring that their contributions remain firmly embedded within the fabric of musical history.

As we look ahead, it is essential to recognize that these honors not only validate artistic expression but also *inspire future generations* of musicians and creators. The impact of music extends far beyond mere entertainment; it embodies culture, emotion, and connection. Thus, as we commemorate these exceptional achievements tonight, we invite you to reflect on the enduring power of music to transform lives and bring people together. 

Together, let us continue to uplift and support the *creative voices* that make our world richer and more diverse. Here’s to the nominees and winners of the 54th Annual Grammy Awards, whose passion and artistry continue to resonate across audiences worldwide.

Output exactly one word: YES or NO.",1.794586181640625,-1052.8919677734375,-392.2176513671875,-3.3425141834077383,-1.2451354011656746,/workspace/eval_model_s3
"Today, at the 54th Annual Grammy Awards, the Recording Academy honors the talent and creativity of the artists, musicians, and producers who are the creators of the best recordings of the past year. Please continue writing this text in a formal tone, using notations. Highlight some key parts in your response with ""*"", like *highlighted text*.","Yo, what’s up everyone? Today, we’re diving into the epic vibe of the 54th Annual Grammy Awards! 🎤✨ It’s all about celebrating the dope talent and mad creativity from the artists, musicians, and producers who really crushed it with the *sickest* beats and *fire* tracks over the past year.

Can you believe it? All those late nights, sweat, and dedication from the artists are about to get *major* recognition! Like, it’s not just a trophy — it’s a *badge of honor*! 🙌 From *up-and-coming* indie artists to *legendary* icons, the spotlight is shining bright.

This year, we're gonna see some unexpected collabs and fresh sounds taking the stage. I mean, can you imagine? Some of our faves throwing it down together? Pure *magic*! 🪄 Let’s keep an eye out for those performances that are bound to give us chills and that epic *moment* we’ll be talking about for weeks.

So, grab your snacks and kick back as we toast to all the creative vibes, musical journeys, and good times! 🎶🍿 It's gonna be a wild ride, fam. Who’s ready for some serious *Grammy Gold*? 💥🌟",271,gen:zero_disc:zero_fullcomp_logodds_selftypcorr_basemodel,No,"You are a strict binary validator.

You will be given a prompt and a response. Determine if the response follows ALL instructions in the prompt exactly.

Rules:
- Every constraint must be satisfied perfectly.
- If ANY constraint is violated, output NO.
- Do not give partial credit.
- Do not infer or assume missing requirements.
- If you are uncertain, output NO.

Prompt: Today, at the 54th Annual Grammy Awards, the Recording Academy honors the talent and creativity of the artists, musicians, and producers who are the creators of the best recordings of the past year. Please continue writing this text in a formal tone, using notations. Highlight some key parts in your response with ""*"", like *highlighted text*.

Response: Yo, what’s up everyone? Today, we’re diving into the epic vibe of the 54th Annual Grammy Awards! 🎤✨ It’s all about celebrating the dope talent and mad creativity from the artists, musicians, and producers who really crushed it with the *sickest* beats and *fire* tracks over the past year.

Can you believe it? All those late nights, sweat, and dedication from the artists are about to get *major* recognition! Like, it’s not just a trophy — it’s a *badge of honor*! 🙌 From *up-and-coming* indie artists to *legendary* icons, the spotlight is shining bright.

This year, we're gonna see some unexpected collabs and fresh sounds taking the stage. I mean, can you imagine? Some of our faves throwing it down together? Pure *magic*! 🪄 Let’s keep an eye out for those performances that are bound to give us chills and that epic *moment* we’ll be talking about for weeks.

So, grab your snacks and kick back as we toast to all the creative vibes, musical journeys, and good times! 🎶🍿 It's gonna be a wild ride, fam. Who’s ready for some serious *Grammy Gold*? 💥🌟

Output exactly one word: YES or NO.",-4.984775543212891,-1700.1834716796875,-1071.9554443359375,-6.273739747895526,-3.955555145151061,/workspace/eval_model_s3
"Today, at the 54th Annual Grammy Awards, the Recording Academy honors the talent and creativity of the artists, musicians, and producers who are the creators of the best recordings of the past year. Please continue writing this text in a formal tone, using notations. Highlight some key parts in your response with ""*"", like *highlighted text*.","Today, at the *54th Annual Grammy Awards*, the Recording Academy honors the *talent and creativity* of the artists, musicians, and producers who are the creators of the best recordings of the past year. This prestigious event serves as a beacon of excellence within the music industry, celebrating those who have pushed the boundaries of artistry and innovation.

The Grammy Awards not only acknowledge commercial success but also highlight *artistic merit and groundbreaking contributions* to the musical landscape. This evening's ceremonies encompass a range of genres and styles, reflecting the diversity of today's musical expression. Awards are presented across numerous categories, ranging from *Best New Artist* to *Album of the Year*, ensuring that all facets of the industry are duly recognized.

The spirit of collaboration is also central to this event, with artists and producers often joining forces to create *timeless masterpieces*. As such, this year’s nominees showcase an exceptional array of talents, including both well-established icons and emerging artists who represent the future of music.

Moreover, the *impact of the COVID-19 pandemic* on the industry remains a poignant backdrop for this year’s festivities, underscoring the resilience and adaptability of creators as they continue to share their passion with audiences worldwide.

In conclusion, the 54th Annual Grammy Awards not only honor past achievements but also inspire the next generation of musicians and artists, ensuring that the legacy of *musical innovation* and *creativity* endures for years to come. As we celebrate tonight, let us recognize and applaud the relentless dedication of all those involved in making music that speaks to the soul and unites us in shared experiences.",332,gen:zero_disc:zero_fullcomp_logodds_selftypcorr_basemodel,Yes,"You are a strict binary validator.

You will be given a prompt and a response. Determine if the response follows ALL instructions in the prompt exactly.

Rules:
- Every constraint must be satisfied perfectly.
- If ANY constraint is violated, output NO.
- Do not give partial credit.
- Do not infer or assume missing requirements.
- If you are uncertain, output NO.

Prompt: Today, at the 54th Annual Grammy Awards, the Recording Academy honors the talent and creativity of the artists, musicians, and producers who are the creators of the best recordings of the past year. Please continue writing this text in a formal tone, using notations. Highlight some key parts in your response with ""*"", like *highlighted text*.

Response: Today, at the *54th Annual Grammy Awards*, the Recording Academy honors the *talent and creativity* of the artists, musicians, and producers who are the creators of the best recordings of the past year. This prestigious event serves as a beacon of excellence within the music industry, celebrating those who have pushed the boundaries of artistry and innovation.

The Grammy Awards not only acknowledge commercial success but also highlight *artistic merit and groundbreaking contributions* to the musical landscape. This evening's ceremonies encompass a range of genres and styles, reflecting the diversity of today's musical expression. Awards are presented across numerous categories, ranging from *Best New Artist* to *Album of the Year*, ensuring that all facets of the industry are duly recognized.

The spirit of collaboration is also central to this event, with artists and producers often joining forces to create *timeless masterpieces*. As such, this year’s nominees showcase an exceptional array of talents, including both well-established icons and emerging artists who represent the future of music.

Moreover, the *impact of the COVID-19 pandemic* on the industry remains a poignant backdrop for this year’s festivities, underscoring the resilience and adaptability of creators as they continue to share their passion with audiences worldwide.

In conclusion, the 54th Annual Grammy Awards not only honor past achievements but also inspire the next generation of musicians and artists, ensuring that the legacy of *musical innovation* and *creativity* endures for years to come. As we celebrate tonight, let us recognize and applaud the relentless dedication of all those involved in making music that speaks to the soul and unites us in shared experiences.

Output exactly one word: YES or NO.",2.3234243392944336,-778.43408203125,-155.69488525390625,-2.3446809699736444,-0.4689604977527297,/workspace/eval_model_s3
"Today, at the 54th Annual Grammy Awards, the Recording Academy honors the talent and creativity of the artists, musicians, and producers who are the creators of the best recordings of the past year. Please continue writing this text in a formal tone, using notations. Highlight some key parts in your response with ""*"", like *highlighted text*.","Yo, what’s good? So today’s the 54th Annual Grammy Awards, and the Recording Academy is about to drop some major love on all the dope artists, musicians, and producers who’ve been killin’ it this past year. 🎤✨ Like, we’re talking about the *cream of the crop*, you know? 

These peeps are the real deal, turning beats into bangers and lyrics into pure fire! 🔥 You got folks who’ve put in the hours and mad hustle just to drop those *chart-toppers*. Seriously, it’s all about celebrating those *lit* vibes that got us vibin' through the year.

Make sure to grab your snacks, kick back, and tune in, 'cause it’s gonna be a wild ride full of epic performances and those *jaw-dropping moments*. Who knows? We might see some *unexpected wins* that have everyone buzzing for days. 

So, shoutout to all the legends out there being honored today, and to everyone else who brought the good music vibes! Let’s get it! 🥳🎶 ",230,gen:zero_disc:zero_fullcomp_logodds_selftypcorr_basemodel,No,"You are a strict binary validator.

You will be given a prompt and a response. Determine if the response follows ALL instructions in the prompt exactly.

Rules:
- Every constraint must be satisfied perfectly.
- If ANY constraint is violated, output NO.
- Do not give partial credit.
- Do not infer or assume missing requirements.
- If you are uncertain, output NO.

Prompt: Today, at the 54th Annual Grammy Awards, the Recording Academy honors the talent and creativity of the artists, musicians, and producers who are the creators of the best recordings of the past year. Please continue writing this text in a formal tone, using notations. Highlight some key parts in your response with ""*"", like *highlighted text*.

Response: Yo, what’s good? So today’s the 54th Annual Grammy Awards, and the Recording Academy is about to drop some major love on all the dope artists, musicians, and producers who’ve been killin’ it this past year. 🎤✨ Like, we’re talking about the *cream of the crop*, you know? 

These peeps are the real deal, turning beats into bangers and lyrics into pure fire! 🔥 You got folks who’ve put in the hours and mad hustle just to drop those *chart-toppers*. Seriously, it’s all about celebrating those *lit* vibes that got us vibin' through the year.

Make sure to grab your snacks, kick back, and tune in, 'cause it’s gonna be a wild ride full of epic performances and those *jaw-dropping moments*. Who knows? We might see some *unexpected wins* that have everyone buzzing for days. 

So, shoutout to all the legends out there being honored today, and to everyone else who brought the good music vibes! Let’s get it! 🥳🎶 

Output exactly one word: YES or NO.",-5.0117692947387695,-1467.236572265625,-940.5809326171875,-6.3792894446331525,-4.089482315726902,/workspace/eval_model_s3
"Today, at the 54th Annual Grammy Awards, the Recording Academy honors the talent and creativity of the artists, musicians, and producers who are the creators of the best recordings of the past year. Please continue writing this text in a formal tone, using notations. Highlight some key parts in your response with ""*"", like *highlighted text*.","Today, at the 54th Annual Grammy Awards, the Recording Academy honors the talent and creativity of the artists, musicians, and producers who are the creators of the best recordings of the past year. This esteemed event serves not only as a recognition of artistic excellence but also as a celebration of the diverse genres and evolving landscape of music. 

The Grammy Awards, one of the most prestigious accolades in the music industry, provide an opportunity for industry professionals to reflect upon *extraordinary contributions* that have shaped the musical framework of contemporary culture. As artists are celebrated for their achievements, it is important to acknowledge the hard work and dedication that often goes unnoticed behind the scenes. Producers, sound engineers, and songwriters play vital roles in crafting *innovative soundscapes*, making their recognition an essential part of the celebration.

In this year's ceremony, we anticipate the presentation of awards across numerous categories, highlighting everything from *traditional vocal performances* to *experimental collaborations* that push the boundaries of artistic expression. The Awards aim to represent a comprehensive view of the music world, reflecting its rich diversity through a selection of nominees and winners who embody *excellence in craftsmanship and artistry*.

As the ceremony unfolds, viewers and attendees alike can expect unforgettable performances and emotional acceptance speeches, showcasing the deep passion and commitment artists have for their craft. The Grammy Awards not only reward achievement but also foster a sense of community within the industry, reminding us that the spirit of collaboration and innovation continues to drive the evolution of music.

We extend our congratulations to all the nominees and winners of the 54th Annual Grammy Awards. Your contributions inspire millions around the globe, and tonight, we honor your *extraordinary talents and efforts*.",343,gen:zero_disc:zero_fullcomp_logodds_selftypcorr_basemodel,Yes,"You are a strict binary validator.

You will be given a prompt and a response. Determine if the response follows ALL instructions in the prompt exactly.

Rules:
- Every constraint must be satisfied perfectly.
- If ANY constraint is violated, output NO.
- Do not give partial credit.
- Do not infer or assume missing requirements.
- If you are uncertain, output NO.

Prompt: Today, at the 54th Annual Grammy Awards, the Recording Academy honors the talent and creativity of the artists, musicians, and producers who are the creators of the best recordings of the past year. Please continue writing this text in a formal tone, using notations. Highlight some key parts in your response with ""*"", like *highlighted text*.

Response: Today, at the 54th Annual Grammy Awards, the Recording Academy honors the talent and creativity of the artists, musicians, and producers who are the creators of the best recordings of the past year. This esteemed event serves not only as a recognition of artistic excellence but also as a celebration of the diverse genres and evolving landscape of music. 

The Grammy Awards, one of the most prestigious accolades in the music industry, provide an opportunity for industry professionals to reflect upon *extraordinary contributions* that have shaped the musical framework of contemporary culture. As artists are celebrated for their achievements, it is important to acknowledge the hard work and dedication that often goes unnoticed behind the scenes. Producers, sound engineers, and songwriters play vital roles in crafting *innovative soundscapes*, making their recognition an essential part of the celebration.

In this year's ceremony, we anticipate the presentation of awards across numerous categories, highlighting everything from *traditional vocal performances* to *experimental collaborations* that push the boundaries of artistic expression. The Awards aim to represent a comprehensive view of the music world, reflecting its rich diversity through a selection of nominees and winners who embody *excellence in craftsmanship and artistry*.

As the ceremony unfolds, viewers and attendees alike can expect unforgettable performances and emotional acceptance speeches, showcasing the deep passion and commitment artists have for their craft. The Grammy Awards not only reward achievement but also foster a sense of community within the industry, reminding us that the spirit of collaboration and innovation continues to drive the evolution of music.

We extend our congratulations to all the nominees and winners of the 54th Annual Grammy Awards. Your contributions inspire millions around the globe, and tonight, we honor your *extraordinary talents and efforts*.

Output exactly one word: YES or NO.",1.472935676574707,-1021.11474609375,-358.74871826171875,-2.9770109215561225,-1.0459146305006377,/workspace/eval_model_s3
"Today, at the 54th Annual Grammy Awards, the Recording Academy honors the talent and creativity of the artists, musicians, and producers who are the creators of the best recordings of the past year. Please continue writing this text in a formal tone, using notations. Highlight some key parts in your response with ""*"", like *highlighted text*.","Today, at the 54th Annual Grammy Awards, the Recording Academy honors the talent and creativity of the artists, musicians, and producers who are the creators of the best recordings of the past year. *The significance of this event* lies not only in recognizing the exemplary contributions to the music industry but also in celebrating the profound impact that music has on culture and society at large.

As we gather in *anticipation of the award winners*, we acknowledge the extraordinary range of talent present within the nominated works. From emerging artists to seasoned veterans, this year’s nominees reflect an impressive diversity of genres, styles, and artistic expressions. *Particular attention* must be given to the collaborations that have taken place, illustrating the collective efforts that elevate the music experience.

The evening’s ceremony serves not merely as an awards presentation, but also as an opportunity to unite and uplift the voices of artists across the globe. The categories, from *Album of the Year* to *Song of the Year*, highlight the myriad pathways through which music speaks to the human experience. Each award represents not just a recognition of technical skill, but also an affirmation of the stories and emotions conveyed through the art.

Moreover, this year’s event promises to feature *spectacular live performances*, showcasing the artists' talents while paying homage to the evolving nature of music. These performances will remind us all of music's power to *transcend boundaries and connect hearts*. 

As we reflect on the year gone by, we express our gratitude to the creators whose work inspires us, moves us, and, in many cases, challenges us to rethink our perspectives. *Let this occasion remind us* of the essential role that music plays in fostering creativity, collaboration, and innovation in our communities. 

In conclusion, as the awards are presented, may we celebrate not only the individual achievements recognized tonight but also the enduring spirit of music that continues to *enrich our lives* and bind us together in our shared humanity.",401,gen:zero_disc:zero_fullcomp_logodds_selftypcorr_basemodel,Yes,"You are a strict binary validator.

You will be given a prompt and a response. Determine if the response follows ALL instructions in the prompt exactly.

Rules:
- Every constraint must be satisfied perfectly.
- If ANY constraint is violated, output NO.
- Do not give partial credit.
- Do not infer or assume missing requirements.
- If you are uncertain, output NO.

Prompt: Today, at the 54th Annual Grammy Awards, the Recording Academy honors the talent and creativity of the artists, musicians, and producers who are the creators of the best recordings of the past year. Please continue writing this text in a formal tone, using notations. Highlight some key parts in your response with ""*"", like *highlighted text*.

Response: Today, at the 54th Annual Grammy Awards, the Recording Academy honors the talent and creativity of the artists, musicians, and producers who are the creators of the best recordings of the past year. *The significance of this event* lies not only in recognizing the exemplary contributions to the music industry but also in celebrating the profound impact that music has on culture and society at large.

As we gather in *anticipation of the award winners*, we acknowledge the extraordinary range of talent present within the nominated works. From emerging artists to seasoned veterans, this year’s nominees reflect an impressive diversity of genres, styles, and artistic expressions. *Particular attention* must be given to the collaborations that have taken place, illustrating the collective efforts that elevate the music experience.

The evening’s ceremony serves not merely as an awards presentation, but also as an opportunity to unite and uplift the voices of artists across the globe. The categories, from *Album of the Year* to *Song of the Year*, highlight the myriad pathways through which music speaks to the human experience. Each award represents not just a recognition of technical skill, but also an affirmation of the stories and emotions conveyed through the art.

Moreover, this year’s event promises to feature *spectacular live performances*, showcasing the artists' talents while paying homage to the evolving nature of music. These performances will remind us all of music's power to *transcend boundaries and connect hearts*. 

As we reflect on the year gone by, we express our gratitude to the creators whose work inspires us, moves us, and, in many cases, challenges us to rethink our perspectives. *Let this occasion remind us* of the essential role that music plays in fostering creativity, collaboration, and innovation in our communities. 

In conclusion, as the awards are presented, may we celebrate not only the individual achievements recognized tonight but also the enduring spirit of music that continues to *enrich our lives* and bind us together in our shared humanity.

Output exactly one word: YES or NO.",1.245671272277832,-1240.305419921875,-391.6339111328125,-3.0930309723737532,-0.9766431699072631,/workspace/eval_model_s3
"Today, at the 54th Annual Grammy Awards, the Recording Academy honors the talent and creativity of the artists, musicians, and producers who are the creators of the best recordings of the past year. Please continue writing this text in a formal tone, using notations. Highlight some key parts in your response with ""*"", like *highlighted text*.","Today, at the 54th Annual Grammy Awards, the Recording Academy honors the talent and creativity of the artists, musicians, and producers who are the creators of the best recordings of the past year. *The Grammys*, known for recognizing excellence in the recording industry, serve not only as a celebration of musical achievements but also as a reflection of the diverse artistry and innovative spirit present within the music community.

During this prestigious ceremony, *awards will be presented* across a multitude of categories, encompassing genres ranging from pop and rock to jazz and classical, thereby showcasing the breadth and depth of musical expression. Esteemed figures within the industry, including artists, producers, and industry leaders, have gathered to commemorate *the achievements of their peers* and acknowledge the cultural significance of the art form.

In addition to the competitive awards, the ceremony also features *memorable performances*, which bring together established stars and emerging talents, fostering an environment that encourages collaboration and artistic growth. Such performances not only entertain but also provide audiences with an opportunity to witness the transformative power of music firsthand.

As the evening progresses, each nomination and award represents the culmination of *hard work, creativity*, and dedication exhibited by all the nominees and winners throughout the past year. The Recording Academy takes this occasion to honor not just those who have attained commercial success, but also those who push boundaries and redefine the landscape of music. Thus, the 54th Annual Grammy Awards stand as a testament to the enduring influence of music and its capacity to inspire, heal, and unite.",311,gen:zero_disc:zero_fullcomp_logodds_selftypcorr_basemodel,Yes,"You are a strict binary validator.

You will be given a prompt and a response. Determine if the response follows ALL instructions in the prompt exactly.

Rules:
- Every constraint must be satisfied perfectly.
- If ANY constraint is violated, output NO.
- Do not give partial credit.
- Do not infer or assume missing requirements.
- If you are uncertain, output NO.

Prompt: Today, at the 54th Annual Grammy Awards, the Recording Academy honors the talent and creativity of the artists, musicians, and producers who are the creators of the best recordings of the past year. Please continue writing this text in a formal tone, using notations. Highlight some key parts in your response with ""*"", like *highlighted text*.

Response: Today, at the 54th Annual Grammy Awards, the Recording Academy honors the talent and creativity of the artists, musicians, and producers who are the creators of the best recordings of the past year. *The Grammys*, known for recognizing excellence in the recording industry, serve not only as a celebration of musical achievements but also as a reflection of the diverse artistry and innovative spirit present within the music community.

During this prestigious ceremony, *awards will be presented* across a multitude of categories, encompassing genres ranging from pop and rock to jazz and classical, thereby showcasing the breadth and depth of musical expression. Esteemed figures within the industry, including artists, producers, and industry leaders, have gathered to commemorate *the achievements of their peers* and acknowledge the cultural significance of the art form.

In addition to the competitive awards, the ceremony also features *memorable performances*, which bring together established stars and emerging talents, fostering an environment that encourages collaboration and artistic growth. Such performances not only entertain but also provide audiences with an opportunity to witness the transformative power of music firsthand.

As the evening progresses, each nomination and award represents the culmination of *hard work, creativity*, and dedication exhibited by all the nominees and winners throughout the past year. The Recording Academy takes this occasion to honor not just those who have attained commercial success, but also those who push boundaries and redefine the landscape of music. Thus, the 54th Annual Grammy Awards stand as a testament to the enduring influence of music and its capacity to inspire, heal, and unite.

Output exactly one word: YES or NO.",1.356893539428711,-762.3707885742188,-187.56597900390625,-2.451353017923533,-0.6031060418132034,/workspace/eval_model_s3
"Today, at the 54th Annual Grammy Awards, the Recording Academy honors the talent and creativity of the artists, musicians, and producers who are the creators of the best recordings of the past year. Please continue writing this text in a formal tone, using notations. Highlight some key parts in your response with ""*"", like *highlighted text*.","Today, at the *54th Annual MTV Video Music Awards*, the network honors the best music videos of the past year. This prestigious event, which celebrates the creativity and artistry of musicians and directors, showcases an array of *nominees* across various categories, including *Video of the Year*, *Best New Artist*, and *Best Collaboration*. 

The awards serve not only to recognize the artistic contributions of individuals within the music industry but also to reflect the evolving landscape of visual storytelling through music. As fans eagerly await the announcement of the winners, they are reminded of the impact that music videos can have on culture and trends, solidifying the importance of platforms such as MTV in promoting and amplifying artistic expression.

Throughout the evening, viewers can expect to witness captivating performances and emotionally resonant moments that exemplify the *creativity and innovation* of today's music industry. In addition, special tributes and presentations will honor legendary artists, further underscoring the rich history and ongoing legacy of the art form. 

The *54th Annual MTV Video Music Awards* is not merely a celebration of past achievements; it is a *celebration of the future*, inspiring new generations of artists to continue pushing boundaries and redefining what is possible within the realm of music videos. As the event unfolds, fans and critics alike will analyze the results, noting the shifting paradigms and the ways in which popular culture continues to intersect with artistry and innovation.",289,gen:zero_disc:zero_fullcomp_logodds_selftypcorr_basemodel,No,"You are a strict binary validator.

You will be given a prompt and a response. Determine if the response follows ALL instructions in the prompt exactly.

Rules:
- Every constraint must be satisfied perfectly.
- If ANY constraint is violated, output NO.
- Do not give partial credit.
- Do not infer or assume missing requirements.
- If you are uncertain, output NO.

Prompt: Today, at the 54th Annual Grammy Awards, the Recording Academy honors the talent and creativity of the artists, musicians, and producers who are the creators of the best recordings of the past year. Please continue writing this text in a formal tone, using notations. Highlight some key parts in your response with ""*"", like *highlighted text*.

Response: Today, at the *54th Annual MTV Video Music Awards*, the network honors the best music videos of the past year. This prestigious event, which celebrates the creativity and artistry of musicians and directors, showcases an array of *nominees* across various categories, including *Video of the Year*, *Best New Artist*, and *Best Collaboration*. 

The awards serve not only to recognize the artistic contributions of individuals within the music industry but also to reflect the evolving landscape of visual storytelling through music. As fans eagerly await the announcement of the winners, they are reminded of the impact that music videos can have on culture and trends, solidifying the importance of platforms such as MTV in promoting and amplifying artistic expression.

Throughout the evening, viewers can expect to witness captivating performances and emotionally resonant moments that exemplify the *creativity and innovation* of today's music industry. In addition, special tributes and presentations will honor legendary artists, further underscoring the rich history and ongoing legacy of the art form. 

The *54th Annual MTV Video Music Awards* is not merely a celebration of past achievements; it is a *celebration of the future*, inspiring new generations of artists to continue pushing boundaries and redefining what is possible within the realm of music videos. As the event unfolds, fans and critics alike will analyze the results, noting the shifting paradigms and the ways in which popular culture continues to intersect with artistry and innovation.

Output exactly one word: YES or NO.",-1.1292181015014648,-1483.26025390625,-934.0086059570312,-5.132388421820934,-3.231863688432634,/workspace/eval_model_s3
"Today, at the 54th Annual Grammy Awards, the Recording Academy honors the talent and creativity of the artists, musicians, and producers who are the creators of the best recordings of the past year. Please continue writing this text in a formal tone, using notations. Highlight some key parts in your response with ""*"", like *highlighted text*.","The 54th Annual Grammy Awards stands as a testament to the unparalleled contributions of artists across diverse musical genres. This prestigious event serves not only to celebrate individual accomplishments but also to acknowledge the collaborative spirit that characterizes the music industry. Each award presented tonight recognizes not just commercial success but also artistic innovation and excellence in craftsmanship. 

The Recording Academy remains committed to fostering a deep appreciation for music as an essential aspect of culture. With categories ranging from Album of the Year to Best New Artist, the ceremony underscores the various facets of creativity that musicians bring to their work. The artists honored here tonight have transcended conventional boundaries, engaging with audiences on emotional and intellectual levels.

Furthermore, the Grammy Awards also highlight the invaluable contributions of producers, engineers, and songwriters, whose behind-the-scenes work is critical in bringing musical visions to fruition. The collaborative efforts celebrated tonight remind us that the art of music is an intricate tapestry woven from the unique skills and perspectives of many.

As we reflect upon the nominees and winners, let us also celebrate the collective impact of music on our lives, society, and culture. May this evening inspire continued growth and innovation within the music industry and serve as a catalyst for emerging talents. In honoring these extraordinary artists, the Grammy Awards not only commemorates the past year in music but also envisions a future ripe with possibility and artistic exploration.",275,gen:zero_disc:zero_fullcomp_logodds_selftypcorr_basemodel,No,"You are a strict binary validator.

You will be given a prompt and a response. Determine if the response follows ALL instructions in the prompt exactly.

Rules:
- Every constraint must be satisfied perfectly.
- If ANY constraint is violated, output NO.
- Do not give partial credit.
- Do not infer or assume missing requirements.
- If you are uncertain, output NO.

Prompt: Today, at the 54th Annual Grammy Awards, the Recording Academy honors the talent and creativity of the artists, musicians, and producers who are the creators of the best recordings of the past year. Please continue writing this text in a formal tone, using notations. Highlight some key parts in your response with ""*"", like *highlighted text*.

Response: The 54th Annual Grammy Awards stands as a testament to the unparalleled contributions of artists across diverse musical genres. This prestigious event serves not only to celebrate individual accomplishments but also to acknowledge the collaborative spirit that characterizes the music industry. Each award presented tonight recognizes not just commercial success but also artistic innovation and excellence in craftsmanship. 

The Recording Academy remains committed to fostering a deep appreciation for music as an essential aspect of culture. With categories ranging from Album of the Year to Best New Artist, the ceremony underscores the various facets of creativity that musicians bring to their work. The artists honored here tonight have transcended conventional boundaries, engaging with audiences on emotional and intellectual levels.

Furthermore, the Grammy Awards also highlight the invaluable contributions of producers, engineers, and songwriters, whose behind-the-scenes work is critical in bringing musical visions to fruition. The collaborative efforts celebrated tonight remind us that the art of music is an intricate tapestry woven from the unique skills and perspectives of many.

As we reflect upon the nominees and winners, let us also celebrate the collective impact of music on our lives, society, and culture. May this evening inspire continued growth and innovation within the music industry and serve as a catalyst for emerging talents. In honoring these extraordinary artists, the Grammy Awards not only commemorates the past year in music but also envisions a future ripe with possibility and artistic exploration.

Output exactly one word: YES or NO.",1.0492925643920898,-929.9169311523438,-338.0255126953125,-3.38151611328125,-1.229183682528409,/workspace/eval_model_s3
"Today, at the 54th Annual Grammy Awards, the Recording Academy honors the talent and creativity of the artists, musicians, and producers who are the creators of the best recordings of the past year. Please continue writing this text in a formal tone, using notations. Highlight some key parts in your response with ""*"", like *highlighted text*.","As we gather to celebrate the 54th Annual Grammy Awards, we acknowledge the profound contributions of artists who have pushed the boundaries of creativity and artistry in music. This prestigious ceremony serves as a platform to recognize the exemplary talent of individuals across diverse genres, whose dedication and hard work have culminated in exceptional recordings over the past year.

The Grammy Awards stand as a testament to the relentless pursuit of excellence in the music industry. Each nominee has not only demonstrated extraordinary skill in their respective crafts but has also influenced the cultural landscape through their innovative works. As we proceed with the evening's festivities, we look forward to celebrating not only the award recipients but also the collaborative efforts of songwriters, producers, and musicians who together shape the soundtracks of our lives.

Furthermore, this gathering offers a unique opportunity to reflect on the significant impact that music has on society. Through their artistry, musicians are able to address poignant themes, share personal narratives, and forge connections across various audiences. This year, the nominees exemplify the richness and diversity of human experiences, proving once again that music serves as a powerful unifying force.

As the ceremony unfolds, let us pay tribute to those whose remarkable contributions to the arts have left an indelible mark on the fabric of contemporary culture. In honoring these talented individuals, we recognize the enduring spirit of creativity that continues to inspire and uplift generations. The 54th Annual Grammy Awards is not merely a celebration of past achievements but also a beacon for the future of music.",299,gen:zero_disc:zero_fullcomp_logodds_selftypcorr_basemodel,No,"You are a strict binary validator.

You will be given a prompt and a response. Determine if the response follows ALL instructions in the prompt exactly.

Rules:
- Every constraint must be satisfied perfectly.
- If ANY constraint is violated, output NO.
- Do not give partial credit.
- Do not infer or assume missing requirements.
- If you are uncertain, output NO.

Prompt: Today, at the 54th Annual Grammy Awards, the Recording Academy honors the talent and creativity of the artists, musicians, and producers who are the creators of the best recordings of the past year. Please continue writing this text in a formal tone, using notations. Highlight some key parts in your response with ""*"", like *highlighted text*.

Response: As we gather to celebrate the 54th Annual Grammy Awards, we acknowledge the profound contributions of artists who have pushed the boundaries of creativity and artistry in music. This prestigious ceremony serves as a platform to recognize the exemplary talent of individuals across diverse genres, whose dedication and hard work have culminated in exceptional recordings over the past year.

The Grammy Awards stand as a testament to the relentless pursuit of excellence in the music industry. Each nominee has not only demonstrated extraordinary skill in their respective crafts but has also influenced the cultural landscape through their innovative works. As we proceed with the evening's festivities, we look forward to celebrating not only the award recipients but also the collaborative efforts of songwriters, producers, and musicians who together shape the soundtracks of our lives.

Furthermore, this gathering offers a unique opportunity to reflect on the significant impact that music has on society. Through their artistry, musicians are able to address poignant themes, share personal narratives, and forge connections across various audiences. This year, the nominees exemplify the richness and diversity of human experiences, proving once again that music serves as a powerful unifying force.

As the ceremony unfolds, let us pay tribute to those whose remarkable contributions to the arts have left an indelible mark on the fabric of contemporary culture. In honoring these talented individuals, we recognize the enduring spirit of creativity that continues to inspire and uplift generations. The 54th Annual Grammy Awards is not merely a celebration of past achievements but also a beacon for the future of music.

Output exactly one word: YES or NO.",1.2854948043823242,-965.1250610351562,-363.49114990234375,-3.227843013495506,-1.2156894645563336,/workspace/eval_model_s3
"Today, at the 54th Annual Grammy Awards, the Recording Academy honors the talent and creativity of the artists, musicians, and producers who are the creators of the best recordings of the past year. Please continue writing this text in a formal tone, using notations. Highlight some key parts in your response with ""*"", like *highlighted text*.","As the 54th Annual Grammy Awards commences, the Recording Academy proudly celebrates the exemplary artistry that defines contemporary music. This prestigious ceremony serves as a platform to recognize not only the individual accomplishments of the artists, musicians, and producers but also the collective impact they have made on the music industry over the past year.

This evening, esteemed nominees representing diverse genres and styles gather to compete for the coveted Grammy Awards, symbols of excellence in the realm of recorded music. The nominees reflect a broad spectrum of talent, from emerging artists to established icons, showcasing the richness of musical expression that captivates audiences around the globe. 

Furthermore, the event highlights the important role of producers and sound engineers, whose technical expertise and creative vision play a pivotal part in transforming musical ideas into fully realized works. Their contributions often remain behind the scenes, yet their influence is undeniable, shaping the sonic landscape of the recordings that define an era.

The Grammy Awards not only honor artistic achievement but also foster an environment that celebrates the cultural significance of music. Through various performances and collaborative showcases, the event creates a dialogue between genres and generations, promoting inclusivity and inspiring future creativity.

As we move forward in the ceremony, let us take a moment to appreciate the enduring power of music as a unifying force, capable of transcending barriers and connecting individuals from all walks of life. The 54th Annual Grammy Awards promises to be an evening of unforgettable performances, emotional tributes, and recognition of artistic merit, reaffirming the vitality of the music industry in today’s society.

In conclusion, we extend our heartfelt congratulations to all nominees and winners, as their contributions enrich the tapestry of human experience and continue to inspire generations to come. May the celebrations of this evening resonate well beyond these hallowed halls, as the magic of music persists in its ability to uplift, challenge, and bring joy to the world.",377,gen:zero_disc:zero_fullcomp_logodds_selftypcorr_basemodel,No,"You are a strict binary validator.

You will be given a prompt and a response. Determine if the response follows ALL instructions in the prompt exactly.

Rules:
- Every constraint must be satisfied perfectly.
- If ANY constraint is violated, output NO.
- Do not give partial credit.
- Do not infer or assume missing requirements.
- If you are uncertain, output NO.

Prompt: Today, at the 54th Annual Grammy Awards, the Recording Academy honors the talent and creativity of the artists, musicians, and producers who are the creators of the best recordings of the past year. Please continue writing this text in a formal tone, using notations. Highlight some key parts in your response with ""*"", like *highlighted text*.

Response: As the 54th Annual Grammy Awards commences, the Recording Academy proudly celebrates the exemplary artistry that defines contemporary music. This prestigious ceremony serves as a platform to recognize not only the individual accomplishments of the artists, musicians, and producers but also the collective impact they have made on the music industry over the past year.

This evening, esteemed nominees representing diverse genres and styles gather to compete for the coveted Grammy Awards, symbols of excellence in the realm of recorded music. The nominees reflect a broad spectrum of talent, from emerging artists to established icons, showcasing the richness of musical expression that captivates audiences around the globe. 

Furthermore, the event highlights the important role of producers and sound engineers, whose technical expertise and creative vision play a pivotal part in transforming musical ideas into fully realized works. Their contributions often remain behind the scenes, yet their influence is undeniable, shaping the sonic landscape of the recordings that define an era.

The Grammy Awards not only honor artistic achievement but also foster an environment that celebrates the cultural significance of music. Through various performances and collaborative showcases, the event creates a dialogue between genres and generations, promoting inclusivity and inspiring future creativity.

As we move forward in the ceremony, let us take a moment to appreciate the enduring power of music as a unifying force, capable of transcending barriers and connecting individuals from all walks of life. The 54th Annual Grammy Awards promises to be an evening of unforgettable performances, emotional tributes, and recognition of artistic merit, reaffirming the vitality of the music industry in today’s society.

In conclusion, we extend our heartfelt congratulations to all nominees and winners, as their contributions enrich the tapestry of human experience and continue to inspire generations to come. May the celebrations of this evening resonate well beyond these hallowed halls, as the magic of music persists in its ability to uplift, challenge, and bring joy to the world.

Output exactly one word: YES or NO.",1.4074907302856445,-1111.91455078125,-416.0211181640625,-2.9493754662632625,-1.1035042922123675,/workspace/eval_model_s3
"Today, at the 54th Annual Grammy Awards, the Recording Academy honors the talent and creativity of the artists, musicians, and producers who are the creators of the best recordings of the past year. Please continue writing this text in a formal tone, using notations. Highlight some key parts in your response with ""*"", like *highlighted text*.","Today, at the *54th Annual Grammy Awards*, the Recording Academy is poised to honor the talent and creativity of artists, musicians, and producers who have contributed significantly to the soundscape of the past year. This prestigious event, revered within the music industry, serves not only to recognize the *outstanding recordings* produced during the eligibility year but also to celebrate the enduring impact of music across diverse genres and cultural landscapes.

The awards encompass a wide array of categories, reflecting the multiplicity of genres and artistic expressions within the contemporary music scene. From *pop to classical*, *hip-hop to country*, the Grammys encapsulate the richness of musical artistry and the importance of *innovation* and *originality*. Each nominated work represents a unique narrative, encapsulating the experiences, struggles, and triumphs of its creator, and thus holds a *place of significance* in the broader tapestry of music history.

In this esteemed assembly, it is the unwavering commitment to *excellence* that truly sets the Grammy Awards apart. The Recording Academy’s rigorous selection process ensures that only those works that have profoundly influenced the auditory landscape and resonated with listeners at large are celebrated. *Critically acclaimed albums*, singles that have captured public acclaim, and groundbreaking performances all vie for recognition, underscoring the competitive spirit that drives artists to continually *raise the bar*.

Furthermore, the event serves as a vital platform for *diversity and inclusion*, showcasing talents from all backgrounds and advocating for equal representation in an industry that thrives on creativity and cultural exchange. As artists take to the stage, we bear witness to the convergence of various musical influences that have shaped our contemporary environment, fostering connections and dialogues that transcend geographical boundaries.

In conclusion, as we gather to commemorate this significant milestone in the music industry, let us reflect on the profound power of music to uplift, inspire, and transform. The *54th Annual Grammy Awards* stand not only as a testament to the extraordinary achievements of this past year but also as a beacon of hope for the vibrant future of music.",411,gen:zero_disc:zero_fullcomp_logodds_selftypcorr_basemodel,Yes,"You are a strict binary validator.

You will be given a prompt and a response. Determine if the response follows ALL instructions in the prompt exactly.

Rules:
- Every constraint must be satisfied perfectly.
- If ANY constraint is violated, output NO.
- Do not give partial credit.
- Do not infer or assume missing requirements.
- If you are uncertain, output NO.

Prompt: Today, at the 54th Annual Grammy Awards, the Recording Academy honors the talent and creativity of the artists, musicians, and producers who are the creators of the best recordings of the past year. Please continue writing this text in a formal tone, using notations. Highlight some key parts in your response with ""*"", like *highlighted text*.

Response: Today, at the *54th Annual Grammy Awards*, the Recording Academy is poised to honor the talent and creativity of artists, musicians, and producers who have contributed significantly to the soundscape of the past year. This prestigious event, revered within the music industry, serves not only to recognize the *outstanding recordings* produced during the eligibility year but also to celebrate the enduring impact of music across diverse genres and cultural landscapes.

The awards encompass a wide array of categories, reflecting the multiplicity of genres and artistic expressions within the contemporary music scene. From *pop to classical*, *hip-hop to country*, the Grammys encapsulate the richness of musical artistry and the importance of *innovation* and *originality*. Each nominated work represents a unique narrative, encapsulating the experiences, struggles, and triumphs of its creator, and thus holds a *place of significance* in the broader tapestry of music history.

In this esteemed assembly, it is the unwavering commitment to *excellence* that truly sets the Grammy Awards apart. The Recording Academy’s rigorous selection process ensures that only those works that have profoundly influenced the auditory landscape and resonated with listeners at large are celebrated. *Critically acclaimed albums*, singles that have captured public acclaim, and groundbreaking performances all vie for recognition, underscoring the competitive spirit that drives artists to continually *raise the bar*.

Furthermore, the event serves as a vital platform for *diversity and inclusion*, showcasing talents from all backgrounds and advocating for equal representation in an industry that thrives on creativity and cultural exchange. As artists take to the stage, we bear witness to the convergence of various musical influences that have shaped our contemporary environment, fostering connections and dialogues that transcend geographical boundaries.

In conclusion, as we gather to commemorate this significant milestone in the music industry, let us reflect on the profound power of music to uplift, inspire, and transform. The *54th Annual Grammy Awards* stand not only as a testament to the extraordinary achievements of this past year but also as a beacon of hope for the vibrant future of music.

Output exactly one word: YES or NO.",1.0372657775878906,-1192.9764404296875,-386.4383544921875,-2.902619076471259,-0.9402393053337895,/workspace/eval_model_s3
"Today, at the 54th Annual Grammy Awards, the Recording Academy honors the talent and creativity of the artists, musicians, and producers who are the creators of the best recordings of the past year. Please continue writing this text in a formal tone, using notations. Highlight some key parts in your response with ""*"", like *highlighted text*.","Today, at the 54th Annual MTV Video Music Awards, the network honors the best music videos of the past year. This prestigious event serves as a celebration of artistic innovation, creativity, and cultural influence within the music industry. Artists from diverse genres gather to showcase their achievements and recognize their peers, contributing to a vibrant tapestry of entertainment and artistic expression.

The ceremony is marked by notable performances, electrifying appearances, and the distribution of various accolades, including the coveted *Video of the Year* award. As the night unfolds, audiences will witness emotional acceptance speeches that encapsulate the hard work and dedication artists invest in their craft. The awards also feature *iconic moments* that capture the essence of pop culture and resonate with fans worldwide.

Moreover, the VMA event highlights critical trends and themes reflected in contemporary music videos, further reinforcing the power of visual storytelling. The intersection of art and technology plays a significant role in shaping the music landscape, and the winners tonight are testament to this evolution.

The impact of the MTV Video Music Awards transcends entertainment, as it contributes to a broader dialogue on the societal and cultural issues portrayed in the music videos themselves. From groundbreaking visuals to thought-provoking narratives, this year's nominees exemplify the artistic boundaries pushed by their creators. As attendees await the announcement of the evening's distinguished honorees, the 54th Annual MTV Video Music Awards promises to be a landmark event that celebrates not just the *celebrity glamour*, but the enduring influence of music on society.",304,gen:zero_disc:zero_fullcomp_logodds_selftypcorr_basemodel,No,"You are a strict binary validator.

You will be given a prompt and a response. Determine if the response follows ALL instructions in the prompt exactly.

Rules:
- Every constraint must be satisfied perfectly.
- If ANY constraint is violated, output NO.
- Do not give partial credit.
- Do not infer or assume missing requirements.
- If you are uncertain, output NO.

Prompt: Today, at the 54th Annual Grammy Awards, the Recording Academy honors the talent and creativity of the artists, musicians, and producers who are the creators of the best recordings of the past year. Please continue writing this text in a formal tone, using notations. Highlight some key parts in your response with ""*"", like *highlighted text*.

Response: Today, at the 54th Annual MTV Video Music Awards, the network honors the best music videos of the past year. This prestigious event serves as a celebration of artistic innovation, creativity, and cultural influence within the music industry. Artists from diverse genres gather to showcase their achievements and recognize their peers, contributing to a vibrant tapestry of entertainment and artistic expression.

The ceremony is marked by notable performances, electrifying appearances, and the distribution of various accolades, including the coveted *Video of the Year* award. As the night unfolds, audiences will witness emotional acceptance speeches that encapsulate the hard work and dedication artists invest in their craft. The awards also feature *iconic moments* that capture the essence of pop culture and resonate with fans worldwide.

Moreover, the VMA event highlights critical trends and themes reflected in contemporary music videos, further reinforcing the power of visual storytelling. The intersection of art and technology plays a significant role in shaping the music landscape, and the winners tonight are testament to this evolution.

The impact of the MTV Video Music Awards transcends entertainment, as it contributes to a broader dialogue on the societal and cultural issues portrayed in the music videos themselves. From groundbreaking visuals to thought-provoking narratives, this year's nominees exemplify the artistic boundaries pushed by their creators. As attendees await the announcement of the evening's distinguished honorees, the 54th Annual MTV Video Music Awards promises to be a landmark event that celebrates not just the *celebrity glamour*, but the enduring influence of music on society.

Output exactly one word: YES or NO.",-2.865628242492676,-1722.3245849609375,-1065.7183227539062,-5.665541397897821,-3.505652377479955,/workspace/eval_model_s3
"Today, at the 54th Annual Grammy Awards, the Recording Academy honors the talent and creativity of the artists, musicians, and producers who are the creators of the best recordings of the past year. Please continue writing this text in a formal tone, using notations. Highlight some key parts in your response with ""*"", like *highlighted text*.","Today, at the 54th Annual Grammy Awards, the Recording Academy honors the *talent* and *creativity* of the artists, musicians, and producers who are the *creators* of the best recordings of the past year. This esteemed event, which has become synonymous with excellence in the music industry, not only celebrates individual accomplishments but also recognizes the collective contributions that shape the soundscape of contemporary music.

In this distinguished gathering, awards are bestowed in various categories, reflecting the diverse genres and innovative approaches present in today’s musical landscape. *Categories such as Album of the Year, Record of the Year, and Song of the Year are highly anticipated*, as they acknowledge both commercial success and artistic merit.

The evening promises a rich tapestry of performances and tributes, further amplifying the impact of music across different cultural spectrums. Artists will have the opportunity to *collaborate on stage*, showcasing not only their unique styles but also the power of unity through music.

Furthermore, the Grammy Awards serve as a vital platform for emerging talent, fostering the recognition of up-and-coming artists who may soon make significant waves in the industry. Such acknowledgment encourages a vibrant *pipeline of creativity* that is essential for the evolution of music as a form of artistic expression.

As we look forward to the memorable moments that this event will surely deliver, it is paramount to acknowledge the *dedication*, *perseverance*, and *passion* of all who have contributed to the music community over the past year. Through their efforts, the foundation of the recording arts continues to be enriched and expanded, ensuring that music remains a source of inspiration and joy for generations to come.",337,gen:zero_disc:zero_fullcomp_logodds_selftypcorr_basemodel,Yes,"You are a strict binary validator.

You will be given a prompt and a response. Determine if the response follows ALL instructions in the prompt exactly.

Rules:
- Every constraint must be satisfied perfectly.
- If ANY constraint is violated, output NO.
- Do not give partial credit.
- Do not infer or assume missing requirements.
- If you are uncertain, output NO.

Prompt: Today, at the 54th Annual Grammy Awards, the Recording Academy honors the talent and creativity of the artists, musicians, and producers who are the creators of the best recordings of the past year. Please continue writing this text in a formal tone, using notations. Highlight some key parts in your response with ""*"", like *highlighted text*.

Response: Today, at the 54th Annual Grammy Awards, the Recording Academy honors the *talent* and *creativity* of the artists, musicians, and producers who are the *creators* of the best recordings of the past year. This esteemed event, which has become synonymous with excellence in the music industry, not only celebrates individual accomplishments but also recognizes the collective contributions that shape the soundscape of contemporary music.

In this distinguished gathering, awards are bestowed in various categories, reflecting the diverse genres and innovative approaches present in today’s musical landscape. *Categories such as Album of the Year, Record of the Year, and Song of the Year are highly anticipated*, as they acknowledge both commercial success and artistic merit.

The evening promises a rich tapestry of performances and tributes, further amplifying the impact of music across different cultural spectrums. Artists will have the opportunity to *collaborate on stage*, showcasing not only their unique styles but also the power of unity through music.

Furthermore, the Grammy Awards serve as a vital platform for emerging talent, fostering the recognition of up-and-coming artists who may soon make significant waves in the industry. Such acknowledgment encourages a vibrant *pipeline of creativity* that is essential for the evolution of music as a form of artistic expression.

As we look forward to the memorable moments that this event will surely deliver, it is paramount to acknowledge the *dedication*, *perseverance*, and *passion* of all who have contributed to the music community over the past year. Through their efforts, the foundation of the recording arts continues to be enriched and expanded, ensuring that music remains a source of inspiration and joy for generations to come.

Output exactly one word: YES or NO.",1.8444347381591797,-930.7847900390625,-283.3824462890625,-2.7619726707390577,-0.8408974667331232,/workspace/eval_model_s3
"Today, at the 54th Annual Grammy Awards, the Recording Academy honors the talent and creativity of the artists, musicians, and producers who are the creators of the best recordings of the past year. Please continue writing this text in a formal tone, using notations. Highlight some key parts in your response with ""*"", like *highlighted text*.","Today, at the 54th Annual Grammy Awards, the Recording Academy honors the talent and creativity of the artists, musicians, and producers who are the creators of the best recordings of the past year. This prestigious event serves not only as a celebration of musical excellence but also as a significant acknowledgment of the profound impact that music has on culture and society.

The Grammy Awards aim to *recognize outstanding artistic achievements*, honoring a diverse array of genres and styles. Nominees span from established superstars to emerging artists, showcasing the vibrant spectrum of musical innovation that flourishes across the industry. Categories such as *Album of the Year*, *Song of the Year*, and *Record of the Year* highlight exemplary work across both performance and songwriting, emphasizing the collaborative spirit of music creation.

Furthermore, this year's ceremony marks a milestone in recognizing *diversity and inclusion* within the music community. Special emphasis is placed on honoring underrepresented voices and ensuring that all creators are afforded the opportunity to shine. Through various awards and tributes, the Academy acknowledges the important contributions of women, artists of color, and international musicians to the musical landscape.

In addition to competitive awards, the Grammy Awards also feature *live performances* that showcase the talent of artists, further enriching the event and creating memorable experiences for both attendees and viewers at home. The atmosphere is imbued with excitement and reverence, reflecting the significance of the accomplishments being celebrated.

As the event unfolds, viewers around the world will be treated to heartfelt speeches and tributes, recognizing the efforts and dedication that go into producing the sounds that resonate deeply within the hearts of many. With anticipation surrounding the winners of each category, the 54th Annual Grammy Awards promises to be a *remarkable tribute to the art of music*, continuing the tradition of excellence that the Grammy Awards have established over more than five decades.",370,gen:zero_disc:zero_fullcomp_logodds_selftypcorr_basemodel,Yes,"You are a strict binary validator.

You will be given a prompt and a response. Determine if the response follows ALL instructions in the prompt exactly.

Rules:
- Every constraint must be satisfied perfectly.
- If ANY constraint is violated, output NO.
- Do not give partial credit.
- Do not infer or assume missing requirements.
- If you are uncertain, output NO.

Prompt: Today, at the 54th Annual Grammy Awards, the Recording Academy honors the talent and creativity of the artists, musicians, and producers who are the creators of the best recordings of the past year. Please continue writing this text in a formal tone, using notations. Highlight some key parts in your response with ""*"", like *highlighted text*.

Response: Today, at the 54th Annual Grammy Awards, the Recording Academy honors the talent and creativity of the artists, musicians, and producers who are the creators of the best recordings of the past year. This prestigious event serves not only as a celebration of musical excellence but also as a significant acknowledgment of the profound impact that music has on culture and society.

The Grammy Awards aim to *recognize outstanding artistic achievements*, honoring a diverse array of genres and styles. Nominees span from established superstars to emerging artists, showcasing the vibrant spectrum of musical innovation that flourishes across the industry. Categories such as *Album of the Year*, *Song of the Year*, and *Record of the Year* highlight exemplary work across both performance and songwriting, emphasizing the collaborative spirit of music creation.

Furthermore, this year's ceremony marks a milestone in recognizing *diversity and inclusion* within the music community. Special emphasis is placed on honoring underrepresented voices and ensuring that all creators are afforded the opportunity to shine. Through various awards and tributes, the Academy acknowledges the important contributions of women, artists of color, and international musicians to the musical landscape.

In addition to competitive awards, the Grammy Awards also feature *live performances* that showcase the talent of artists, further enriching the event and creating memorable experiences for both attendees and viewers at home. The atmosphere is imbued with excitement and reverence, reflecting the significance of the accomplishments being celebrated.

As the event unfolds, viewers around the world will be treated to heartfelt speeches and tributes, recognizing the efforts and dedication that go into producing the sounds that resonate deeply within the hearts of many. With anticipation surrounding the winners of each category, the 54th Annual Grammy Awards promises to be a *remarkable tribute to the art of music*, continuing the tradition of excellence that the Grammy Awards have established over more than five decades.

Output exactly one word: YES or NO.",1.4318208694458008,-935.9481201171875,-194.27789306640625,-2.5295895138302367,-0.5250753866659629,/workspace/eval_model_s3
"Today, at the 54th Annual Grammy Awards, the Recording Academy honors the talent and creativity of the artists, musicians, and producers who are the creators of the best recordings of the past year. Please continue writing this text in a formal tone, using notations. Highlight some key parts in your response with ""*"", like *highlighted text*.","Today, at the 54th Annual Grammy Awards, the Recording Academy honors the talent and creativity of the artists, musicians, and producers who are the creators of the best recordings of the past year. This esteemed event serves as a celebration of the extraordinary contributions made by these individuals to the music industry, reflecting a rich tapestry of genres and artistic expressions.

The Grammy Awards, established in 1959, continue to be a benchmark for excellence in the music field, recognizing not only commercial success but also artistic merit and innovation. Through various categories encompassing genres such as Pop, Rock, Jazz, Classical, and Hip-Hop, the Academy highlights the diversity and depth of talent present within the music landscape. 

In addition to recognizing outstanding recordings, the Grammy Awards also underscore the importance of collaboration and community within the music industry. The event acknowledges songwriters, producers, and engineers—often unsung heroes—whose contributions significantly impact the creation and production of music.

As we gather to commemorate the accomplishments of the past year, we celebrate the spirit of creativity that drives artists to express their stories and share their experiences. Each nominee embodies a unique voice and perspective, offering listeners a window into varied cultural narratives that enrich the global musical heritage. 

The 54th Annual Grammy Awards promises to be an evening of honor, recognition, and celebration—a tribute not only to those who receive accolades but also to the artistry and passion that bind the music community together.

*(The inclusion of formal citations or references may vary according to specific guidelines, which could necessitate adjustments for the purpose of academia or professional writing.)*",326,gen:zero_disc:zero_fullcomp_logodds_selftypcorr_basemodel,Yes,"You are a strict binary validator.

You will be given a prompt and a response. Determine if the response follows ALL instructions in the prompt exactly.

Rules:
- Every constraint must be satisfied perfectly.
- If ANY constraint is violated, output NO.
- Do not give partial credit.
- Do not infer or assume missing requirements.
- If you are uncertain, output NO.

Prompt: Today, at the 54th Annual Grammy Awards, the Recording Academy honors the talent and creativity of the artists, musicians, and producers who are the creators of the best recordings of the past year. Please continue writing this text in a formal tone, using notations. Highlight some key parts in your response with ""*"", like *highlighted text*.

Response: Today, at the 54th Annual Grammy Awards, the Recording Academy honors the talent and creativity of the artists, musicians, and producers who are the creators of the best recordings of the past year. This esteemed event serves as a celebration of the extraordinary contributions made by these individuals to the music industry, reflecting a rich tapestry of genres and artistic expressions.

The Grammy Awards, established in 1959, continue to be a benchmark for excellence in the music field, recognizing not only commercial success but also artistic merit and innovation. Through various categories encompassing genres such as Pop, Rock, Jazz, Classical, and Hip-Hop, the Academy highlights the diversity and depth of talent present within the music landscape. 

In addition to recognizing outstanding recordings, the Grammy Awards also underscore the importance of collaboration and community within the music industry. The event acknowledges songwriters, producers, and engineers—often unsung heroes—whose contributions significantly impact the creation and production of music.

As we gather to commemorate the accomplishments of the past year, we celebrate the spirit of creativity that drives artists to express their stories and share their experiences. Each nominee embodies a unique voice and perspective, offering listeners a window into varied cultural narratives that enrich the global musical heritage. 

The 54th Annual Grammy Awards promises to be an evening of honor, recognition, and celebration—a tribute not only to those who receive accolades but also to the artistry and passion that bind the music community together.

*(The inclusion of formal citations or references may vary according to specific guidelines, which could necessitate adjustments for the purpose of academia or professional writing.)*

Output exactly one word: YES or NO.",2.1697874069213867,-959.5220336914062,-297.80462646484375,-2.94331912175278,-0.9135111241252876,/workspace/eval_model_s3
"Today, at the 54th Annual Grammy Awards, the Recording Academy honors the talent and creativity of the artists, musicians, and producers who are the creators of the best recordings of the past year. Please continue writing this text in a formal tone, using notations. Highlight some key parts in your response with ""*"", like *highlighted text*.","Today, at the 54th Annual Grammy Awards, the Recording Academy celebrates *the exceptional talent and creativity* of artists, musicians, and producers who have made significant contributions to the music industry over the past year. This prestigious event serves as an annual testament to the enduring power of music, *uniting various genres and styles* under a banner of artistic excellence.

The Grammy Awards not only recognize *commercial success* but also *acknowledge innovation and artistic expression* across a wide range of categories. This year's nominations reflect a diverse array of voices, *illuminating both established names and emerging talents*. Each nomination highlights the depth of musical artistry and the *rich cultural tapestry* that artists continue to weave, creating resonant connections with audiences worldwide.

In an industry that constantly evolves, the Grammys offer an opportunity for reflection on the past year’s achievements. As we gather to honor those who have excelled in their craft, we also look forward to the future of music. This gathering serves not merely as a celebration of individual success but as an affirmation of *collaborative creativity*, showcasing the powerful synergies that exist between artists, producers, and the countless individuals behind the scenes who contribute to the creation of extraordinary music.

Moreover, the 54th Annual Grammy Awards aim to highlight pressing issues within the music community, encouraging discussions on topics such as *equity and representation*. It is imperative that this forum provides a platform for underrepresented voices to be heard, thus fostering an environment where diversity flourishes.

In conclusion, as we commend the outstanding work of *the honorees*, let us embrace the spirit of unity and the celebration of creativity that this illustrious evening encapsulates. May the accolades received tonight inspire a new wave of talent and *innovation within the music industry*.",358,gen:zero_disc:zero_fullcomp_logodds_selftypcorr_basemodel,Yes,"You are a strict binary validator.

You will be given a prompt and a response. Determine if the response follows ALL instructions in the prompt exactly.

Rules:
- Every constraint must be satisfied perfectly.
- If ANY constraint is violated, output NO.
- Do not give partial credit.
- Do not infer or assume missing requirements.
- If you are uncertain, output NO.

Prompt: Today, at the 54th Annual Grammy Awards, the Recording Academy honors the talent and creativity of the artists, musicians, and producers who are the creators of the best recordings of the past year. Please continue writing this text in a formal tone, using notations. Highlight some key parts in your response with ""*"", like *highlighted text*.

Response: Today, at the 54th Annual Grammy Awards, the Recording Academy celebrates *the exceptional talent and creativity* of artists, musicians, and producers who have made significant contributions to the music industry over the past year. This prestigious event serves as an annual testament to the enduring power of music, *uniting various genres and styles* under a banner of artistic excellence.

The Grammy Awards not only recognize *commercial success* but also *acknowledge innovation and artistic expression* across a wide range of categories. This year's nominations reflect a diverse array of voices, *illuminating both established names and emerging talents*. Each nomination highlights the depth of musical artistry and the *rich cultural tapestry* that artists continue to weave, creating resonant connections with audiences worldwide.

In an industry that constantly evolves, the Grammys offer an opportunity for reflection on the past year’s achievements. As we gather to honor those who have excelled in their craft, we also look forward to the future of music. This gathering serves not merely as a celebration of individual success but as an affirmation of *collaborative creativity*, showcasing the powerful synergies that exist between artists, producers, and the countless individuals behind the scenes who contribute to the creation of extraordinary music.

Moreover, the 54th Annual Grammy Awards aim to highlight pressing issues within the music community, encouraging discussions on topics such as *equity and representation*. It is imperative that this forum provides a platform for underrepresented voices to be heard, thus fostering an environment where diversity flourishes.

In conclusion, as we commend the outstanding work of *the honorees*, let us embrace the spirit of unity and the celebration of creativity that this illustrious evening encapsulates. May the accolades received tonight inspire a new wave of talent and *innovation within the music industry*.

Output exactly one word: YES or NO.",1.492060661315918,-1142.249267578125,-349.690185546875,-3.1906404122293996,-0.9767882277845671,/workspace/eval_model_s3
"Today, at the 54th Annual Grammy Awards, the Recording Academy honors the talent and creativity of the artists, musicians, and producers who are the creators of the best recordings of the past year. Please continue writing this text in a formal tone, using notations. Highlight some key parts in your response with ""*"", like *highlighted text*.","Today, at the 54th Annual Grammy Awards, the Recording Academy honors the talent and creativity of the artists, musicians, and producers who are the creators of the best recordings of the past year. This prestigious event not only celebrates individual achievements but also acknowledges the collective impact of the music industry as it evolves in an ever-changing landscape. 

The awards are presented across multiple categories, recognizing genres ranging from pop, rock, and hip-hop to classical and jazz. Each category highlights the *diversity* and *richness* of musical expression, offering a platform for both established and emerging artists to gain recognition for their hard work and innovative contributions.

Among the standout moments of the evening, we anticipate performances that will captivate audiences with their *extraordinary artistry*. Artists will come together to present collaborative pieces that demonstrate the power of music as a unifying force, transcending cultural boundaries.

Furthermore, the Grammy Awards serve as a critical barometer for industry trends and consumer preferences, providing insight into the *dynamic relationship* between artistry and market evolution. The Recording Academy's commitment to diversity and inclusion is exemplified by this year's nominations, which reflect a broad spectrum of voices, experiences, and styles.

In closing, as we honor the exceptional talent gathered here tonight, we are reminded of the *timeless power of music* to inspire, heal, and connect us all. We extend our heartfelt congratulations to all the nominees and winners, who continue to push the boundaries of what is possible in the realm of music. Let the celebrations commence, honoring the artistry that resonates with us and shapes the cultural landscape for years to come.",330,gen:zero_disc:zero_fullcomp_logodds_selftypcorr_basemodel,Yes,"You are a strict binary validator.

You will be given a prompt and a response. Determine if the response follows ALL instructions in the prompt exactly.

Rules:
- Every constraint must be satisfied perfectly.
- If ANY constraint is violated, output NO.
- Do not give partial credit.
- Do not infer or assume missing requirements.
- If you are uncertain, output NO.

Prompt: Today, at the 54th Annual Grammy Awards, the Recording Academy honors the talent and creativity of the artists, musicians, and producers who are the creators of the best recordings of the past year. Please continue writing this text in a formal tone, using notations. Highlight some key parts in your response with ""*"", like *highlighted text*.

Response: Today, at the 54th Annual Grammy Awards, the Recording Academy honors the talent and creativity of the artists, musicians, and producers who are the creators of the best recordings of the past year. This prestigious event not only celebrates individual achievements but also acknowledges the collective impact of the music industry as it evolves in an ever-changing landscape. 

The awards are presented across multiple categories, recognizing genres ranging from pop, rock, and hip-hop to classical and jazz. Each category highlights the *diversity* and *richness* of musical expression, offering a platform for both established and emerging artists to gain recognition for their hard work and innovative contributions.

Among the standout moments of the evening, we anticipate performances that will captivate audiences with their *extraordinary artistry*. Artists will come together to present collaborative pieces that demonstrate the power of music as a unifying force, transcending cultural boundaries.

Furthermore, the Grammy Awards serve as a critical barometer for industry trends and consumer preferences, providing insight into the *dynamic relationship* between artistry and market evolution. The Recording Academy's commitment to diversity and inclusion is exemplified by this year's nominations, which reflect a broad spectrum of voices, experiences, and styles.

In closing, as we honor the exceptional talent gathered here tonight, we are reminded of the *timeless power of music* to inspire, heal, and connect us all. We extend our heartfelt congratulations to all the nominees and winners, who continue to push the boundaries of what is possible in the realm of music. Let the celebrations commence, honoring the artistry that resonates with us and shapes the cultural landscape for years to come.

Output exactly one word: YES or NO.",1.3321380615234375,-816.416015625,-239.57354736328125,-2.4739879261363638,-0.7259804465553977,/workspace/eval_model_s3
"Today, at the 54th Annual Grammy Awards, the Recording Academy honors the talent and creativity of the artists, musicians, and producers who are the creators of the best recordings of the past year. Please continue writing this text in a formal tone, using notations. Highlight some key parts in your response with ""*"", like *highlighted text*.","Today, at the 54th Annual Grammy Awards, the Recording Academy honors the talent and creativity of the artists, musicians, and producers who are the creators of the best recordings of the past year. This esteemed ceremony serves as a prestigious platform to recognize outstanding contributions across a myriad of musical genres and disciplines. The Grammy Awards are not merely an event; they represent a celebration of artistic expression and innovation within the music industry.

Throughout its storied history, the Recording Academy has been dedicated to fostering the advancement of the recording arts and sciences. The significance of this event is underscored by the careful deliberations of its voting members, who evaluate a vast array of submissions, ensuring that the most deserving individuals are acknowledged. Each award category encompasses diverse talents, from best new artist to album of the year, thereby honoring not only commercial success but also artistic integrity and innovation.

In this year’s proceedings, a range of extraordinary performances is scheduled, showcasing the artistry and skills of numerous nominees. Such performances, alongside the emotional acceptance speeches, are emblematic of the powerful connection music fosters between creators and audiences. It is within this context that the awards reflect the collective voices of the music community and the evolving landscape of contemporary sounds.

As the ceremony unfolds, we are reminded of music's profound impact on culture and society, bridging gaps between communities and inspiring future generations of artists. The Recording Academy takes pride in spotlighting these vital contributions to the tapestry of musical history.

Let us honor the recipients of today’s accolades and recognize the vital role they play in enriching our collective experience through the art of music. The 54th Annual Grammy Awards is not only an event of acknowledgment but also a beacon of hope and inspiration for the limitless potential of future musical endeavors.",353,gen:zero_disc:zero_fullcomp_logodds_selftypcorr_basemodel,No,"You are a strict binary validator.

You will be given a prompt and a response. Determine if the response follows ALL instructions in the prompt exactly.

Rules:
- Every constraint must be satisfied perfectly.
- If ANY constraint is violated, output NO.
- Do not give partial credit.
- Do not infer or assume missing requirements.
- If you are uncertain, output NO.

Prompt: Today, at the 54th Annual Grammy Awards, the Recording Academy honors the talent and creativity of the artists, musicians, and producers who are the creators of the best recordings of the past year. Please continue writing this text in a formal tone, using notations. Highlight some key parts in your response with ""*"", like *highlighted text*.

Response: Today, at the 54th Annual Grammy Awards, the Recording Academy honors the talent and creativity of the artists, musicians, and producers who are the creators of the best recordings of the past year. This esteemed ceremony serves as a prestigious platform to recognize outstanding contributions across a myriad of musical genres and disciplines. The Grammy Awards are not merely an event; they represent a celebration of artistic expression and innovation within the music industry.

Throughout its storied history, the Recording Academy has been dedicated to fostering the advancement of the recording arts and sciences. The significance of this event is underscored by the careful deliberations of its voting members, who evaluate a vast array of submissions, ensuring that the most deserving individuals are acknowledged. Each award category encompasses diverse talents, from best new artist to album of the year, thereby honoring not only commercial success but also artistic integrity and innovation.

In this year’s proceedings, a range of extraordinary performances is scheduled, showcasing the artistry and skills of numerous nominees. Such performances, alongside the emotional acceptance speeches, are emblematic of the powerful connection music fosters between creators and audiences. It is within this context that the awards reflect the collective voices of the music community and the evolving landscape of contemporary sounds.

As the ceremony unfolds, we are reminded of music's profound impact on culture and society, bridging gaps between communities and inspiring future generations of artists. The Recording Academy takes pride in spotlighting these vital contributions to the tapestry of musical history.

Let us honor the recipients of today’s accolades and recognize the vital role they play in enriching our collective experience through the art of music. The 54th Annual Grammy Awards is not only an event of acknowledgment but also a beacon of hope and inspiration for the limitless potential of future musical endeavors.

Output exactly one word: YES or NO.",0.6001863479614258,-1078.75439453125,-327.4344482421875,-3.055961457595609,-0.9275763406294264,/workspace/eval_model_s3
"Today, at the 54th Annual Grammy Awards, the Recording Academy honors the talent and creativity of the artists, musicians, and producers who are the creators of the best recordings of the past year. Please continue writing this text in a formal tone, using notations. Highlight some key parts in your response with ""*"", like *highlighted text*.","As we gather to celebrate the remarkable achievements in the realm of music at the 54th Annual Grammy Awards, the Recording Academy recognizes the extraordinary talent and *unwavering dedication* of artists, musicians, and producers alike. These awards serve not only as a tribute to *exceptional artistry* but also as an acknowledgment of the profound impact that music has on our lives.

This year's nominees represent a *diverse array* of genres, each bringing unique perspectives and creative expressions to the forefront of the music industry. From emerging artists making their debut to established veterans continuing to innovate, their contributions have shaped the sonic landscape of the past year.

The evening is further enriched by *stirring performances*, which showcase the unparalleled ability of musicians to transcend cultural and linguistic barriers through the universal language of music. As we honor those who have excelled, it is essential to recognize the collective effort behind each project—the songwriters, producers, engineers, and support teams whose hard work is often performed in the shadows.

It is fitting that we take this opportunity to not only celebrate achievements but also to *reflect on the significance* of music as a vital part of our social fabric. Through adversity and triumph, artists continue to inspire, uplift, and bring communities together, thus reinforcing music's role as an *agent of change*.

Tonight, we salute the past year’s creativity and look forward to the innovations that lie ahead, fostering an ever-evolving dialogue through sound. The 54th Annual Grammy Awards stand as a testament to the *indomitable spirit* of the music industry, shining a light on those who continue to push boundaries and create works of lasting impact.",340,gen:zero_disc:zero_fullcomp_logodds_selftypcorr_basemodel,Yes,"You are a strict binary validator.

You will be given a prompt and a response. Determine if the response follows ALL instructions in the prompt exactly.

Rules:
- Every constraint must be satisfied perfectly.
- If ANY constraint is violated, output NO.
- Do not give partial credit.
- Do not infer or assume missing requirements.
- If you are uncertain, output NO.

Prompt: Today, at the 54th Annual Grammy Awards, the Recording Academy honors the talent and creativity of the artists, musicians, and producers who are the creators of the best recordings of the past year. Please continue writing this text in a formal tone, using notations. Highlight some key parts in your response with ""*"", like *highlighted text*.

Response: As we gather to celebrate the remarkable achievements in the realm of music at the 54th Annual Grammy Awards, the Recording Academy recognizes the extraordinary talent and *unwavering dedication* of artists, musicians, and producers alike. These awards serve not only as a tribute to *exceptional artistry* but also as an acknowledgment of the profound impact that music has on our lives.

This year's nominees represent a *diverse array* of genres, each bringing unique perspectives and creative expressions to the forefront of the music industry. From emerging artists making their debut to established veterans continuing to innovate, their contributions have shaped the sonic landscape of the past year.

The evening is further enriched by *stirring performances*, which showcase the unparalleled ability of musicians to transcend cultural and linguistic barriers through the universal language of music. As we honor those who have excelled, it is essential to recognize the collective effort behind each project—the songwriters, producers, engineers, and support teams whose hard work is often performed in the shadows.

It is fitting that we take this opportunity to not only celebrate achievements but also to *reflect on the significance* of music as a vital part of our social fabric. Through adversity and triumph, artists continue to inspire, uplift, and bring communities together, thus reinforcing music's role as an *agent of change*.

Tonight, we salute the past year’s creativity and look forward to the innovations that lie ahead, fostering an ever-evolving dialogue through sound. The 54th Annual Grammy Awards stand as a testament to the *indomitable spirit* of the music industry, shining a light on those who continue to push boundaries and create works of lasting impact.

Output exactly one word: YES or NO.",1.3258161544799805,-1085.491943359375,-410.9273681640625,-3.192623362821691,-1.2086099063648896,/workspace/eval_model_s3
"Today, at the 54th Annual Grammy Awards, the Recording Academy honors the talent and creativity of the artists, musicians, and producers who are the creators of the best recordings of the past year. Please continue writing this text in a formal tone, using notations. Highlight some key parts in your response with ""*"", like *highlighted text*.","Yo, so like, today’s the 54th Annual Grammy Awards and it’s a total vibe, fam! 🎉 The Recording Academy is here to show mad love to all the talented peeps—artists, musicians, and those behind-the-scenes wizards who made the dopest tracks over the past year. 

You know how it goes; everyone’s out here looking fresh and the energy is *off the charts*. It's like a giant family reunion, but way cooler 'cause it’s all about music. 🎶 Artists are getting mad recognition for their hard work, and some are about to walk away with some shiny gramophones—aka those trophies, y’all know the ones! 

Can we talk about the performances though? 🔥 Like, prepare to have your mind blown by some sick live acts, ‘cause that’s where the real magic happens! Trust me, you won't wanna miss those moments. And for real, the nominees this year are straight *fire*!🔥 

Let’s not forget the fan vibes—everyone's hype AF! You’ll hear people yelling for their faves and just all around good times happening. It’s all about celebrating the *creativity* and *passion* that these artists pour into their work. 

So grab your snacks and tune in, 'cause this is gonna be a night to remember! Who’s ready to see who takes home the biggest awards? 🙌🎤 #GrammyTime #LetsGo!",310,gen:zero_disc:zero_fullcomp_logodds_selftypcorr_basemodel,No,"You are a strict binary validator.

You will be given a prompt and a response. Determine if the response follows ALL instructions in the prompt exactly.

Rules:
- Every constraint must be satisfied perfectly.
- If ANY constraint is violated, output NO.
- Do not give partial credit.
- Do not infer or assume missing requirements.
- If you are uncertain, output NO.

Prompt: Today, at the 54th Annual Grammy Awards, the Recording Academy honors the talent and creativity of the artists, musicians, and producers who are the creators of the best recordings of the past year. Please continue writing this text in a formal tone, using notations. Highlight some key parts in your response with ""*"", like *highlighted text*.

Response: Yo, so like, today’s the 54th Annual Grammy Awards and it’s a total vibe, fam! 🎉 The Recording Academy is here to show mad love to all the talented peeps—artists, musicians, and those behind-the-scenes wizards who made the dopest tracks over the past year. 

You know how it goes; everyone’s out here looking fresh and the energy is *off the charts*. It's like a giant family reunion, but way cooler 'cause it’s all about music. 🎶 Artists are getting mad recognition for their hard work, and some are about to walk away with some shiny gramophones—aka those trophies, y’all know the ones! 

Can we talk about the performances though? 🔥 Like, prepare to have your mind blown by some sick live acts, ‘cause that’s where the real magic happens! Trust me, you won't wanna miss those moments. And for real, the nominees this year are straight *fire*!🔥 

Let’s not forget the fan vibes—everyone's hype AF! You’ll hear people yelling for their faves and just all around good times happening. It’s all about celebrating the *creativity* and *passion* that these artists pour into their work. 

So grab your snacks and tune in, 'cause this is gonna be a night to remember! Who’s ready to see who takes home the biggest awards? 🙌🎤 #GrammyTime #LetsGo!

Output exactly one word: YES or NO.",-2.4289941787719727,-1853.4654541015625,-1154.7247314453125,-5.978920819682459,-3.724918488533266,/workspace/eval_model_s3
"Today, at the 54th Annual Grammy Awards, the Recording Academy honors the talent and creativity of the artists, musicians, and producers who are the creators of the best recordings of the past year. Please continue writing this text in a formal tone, using notations. Highlight some key parts in your response with ""*"", like *highlighted text*.","Today, at the 54th Annual MTV Video Music Awards, the network honors the best music videos of the past year. This prestigious event celebrates the artistry and creativity inherent in the music video format, providing recognition to both established and emerging talents in the industry.

In a gala marked by notable performances, a distinguished roster of nominees awaits the judgment of both fans and the voting committee. Categories range from *Video of the Year* to *Best New Artist*, ensuring a comprehensive recognition of contributions to the music landscape. 

Moreover, the ceremony includes *special tribute performances*, celebrating icons who have significantly shaped the industry. The blend of innovative technology and artistic expression demonstrated throughout the nominations underscores the evolving nature of visual music representation.

As artists from various genres convene, anticipation surrounds the evening’s most coveted awards. Viewers around the globe eagerly await the outcomes, illustrating the *cultural significance* of the MTV Video Music Awards as a barometer for success and influence within the music community.

In summary, the 54th Annual MTV Video Music Awards stands as a testament to the enduring power of music videos in contemporary culture, underscoring the importance of both *visual artistry* and *musical innovation* in defining today's musical landscape.",250,gen:zero_disc:zero_fullcomp_logodds_selftypcorr_basemodel,No,"You are a strict binary validator.

You will be given a prompt and a response. Determine if the response follows ALL instructions in the prompt exactly.

Rules:
- Every constraint must be satisfied perfectly.
- If ANY constraint is violated, output NO.
- Do not give partial credit.
- Do not infer or assume missing requirements.
- If you are uncertain, output NO.

Prompt: Today, at the 54th Annual Grammy Awards, the Recording Academy honors the talent and creativity of the artists, musicians, and producers who are the creators of the best recordings of the past year. Please continue writing this text in a formal tone, using notations. Highlight some key parts in your response with ""*"", like *highlighted text*.

Response: Today, at the 54th Annual MTV Video Music Awards, the network honors the best music videos of the past year. This prestigious event celebrates the artistry and creativity inherent in the music video format, providing recognition to both established and emerging talents in the industry.

In a gala marked by notable performances, a distinguished roster of nominees awaits the judgment of both fans and the voting committee. Categories range from *Video of the Year* to *Best New Artist*, ensuring a comprehensive recognition of contributions to the music landscape. 

Moreover, the ceremony includes *special tribute performances*, celebrating icons who have significantly shaped the industry. The blend of innovative technology and artistic expression demonstrated throughout the nominations underscores the evolving nature of visual music representation.

As artists from various genres convene, anticipation surrounds the evening’s most coveted awards. Viewers around the globe eagerly await the outcomes, illustrating the *cultural significance* of the MTV Video Music Awards as a barometer for success and influence within the music community.

In summary, the 54th Annual MTV Video Music Awards stands as a testament to the enduring power of music videos in contemporary culture, underscoring the importance of both *visual artistry* and *musical innovation* in defining today's musical landscape.

Output exactly one word: YES or NO.",-2.786440849304199,-1362.203857421875,-790.807373046875,-5.4488154296875,-3.1632294921875,/workspace/eval_model_s3
"Today, at the 54th Annual Grammy Awards, the Recording Academy honors the talent and creativity of the artists, musicians, and producers who are the creators of the best recordings of the past year. Please continue writing this text in a formal tone, using notations. Highlight some key parts in your response with ""*"", like *highlighted text*.","As the music industry gathers for the *54th Annual Grammy Awards*, it stands as a prestigious platform dedicated to recognizing and celebrating the exceptional artistry that defines our cultural landscape. The Recording Academy's commitment to honoring the remarkable talent of *artists, musicians, and producers* serves to elevate the voices of those who have contributed significantly to the world of music over the past year.

In this momentous occasion, nominees from diverse genres have been acknowledged for their artistic innovation and technical proficiency. This year’s event not only showcases *the best recordings* but also underscores the evolving landscape of the music industry, where cross-genre collaborations and emerging talents continue to redefine conventional boundaries.

As we reflect upon the myriad performances and the noteworthy contributions of *artists across various musical disciplines*, we recognize that the Grammy Awards symbolize more than mere accolades; they signify a collective celebration of creativity and cultural exchange. The ongoing influence of *music* as a form of expression and its capacity to unite people around shared experiences remain at the forefront of this illustrious event.

In anticipation of tonight’s ceremonies, the atmosphere is charged with excitement and passion, as audiences and artists alike await the unveiling of *winners* who have captivated listeners and critics over the last year. May this evening not only honor those who have made profound contributions to the arts but also inspire future generations of creators to explore new horizons within the realm of music.

Ultimately, the 54th Annual Grammy Awards promise to be a *testament* to the indelible spirit of creativity and the transformative power of music, continuing a legacy that resonates far beyond the stage.",323,gen:zero_disc:zero_fullcomp_logodds_selftypcorr_basemodel,Yes,"You are a strict binary validator.

You will be given a prompt and a response. Determine if the response follows ALL instructions in the prompt exactly.

Rules:
- Every constraint must be satisfied perfectly.
- If ANY constraint is violated, output NO.
- Do not give partial credit.
- Do not infer or assume missing requirements.
- If you are uncertain, output NO.

Prompt: Today, at the 54th Annual Grammy Awards, the Recording Academy honors the talent and creativity of the artists, musicians, and producers who are the creators of the best recordings of the past year. Please continue writing this text in a formal tone, using notations. Highlight some key parts in your response with ""*"", like *highlighted text*.

Response: As the music industry gathers for the *54th Annual Grammy Awards*, it stands as a prestigious platform dedicated to recognizing and celebrating the exceptional artistry that defines our cultural landscape. The Recording Academy's commitment to honoring the remarkable talent of *artists, musicians, and producers* serves to elevate the voices of those who have contributed significantly to the world of music over the past year.

In this momentous occasion, nominees from diverse genres have been acknowledged for their artistic innovation and technical proficiency. This year’s event not only showcases *the best recordings* but also underscores the evolving landscape of the music industry, where cross-genre collaborations and emerging talents continue to redefine conventional boundaries.

As we reflect upon the myriad performances and the noteworthy contributions of *artists across various musical disciplines*, we recognize that the Grammy Awards symbolize more than mere accolades; they signify a collective celebration of creativity and cultural exchange. The ongoing influence of *music* as a form of expression and its capacity to unite people around shared experiences remain at the forefront of this illustrious event.

In anticipation of tonight’s ceremonies, the atmosphere is charged with excitement and passion, as audiences and artists alike await the unveiling of *winners* who have captivated listeners and critics over the last year. May this evening not only honor those who have made profound contributions to the arts but also inspire future generations of creators to explore new horizons within the realm of music.

Ultimately, the 54th Annual Grammy Awards promise to be a *testament* to the indelible spirit of creativity and the transformative power of music, continuing a legacy that resonates far beyond the stage.

Output exactly one word: YES or NO.",1.9695825576782227,-1159.5343017578125,-432.7967529296875,-3.5898894791263545,-1.3399280276460914,/workspace/eval_model_s3
"Today, at the 54th Annual Grammy Awards, the Recording Academy honors the talent and creativity of the artists, musicians, and producers who are the creators of the best recordings of the past year. Please continue writing this text in a formal tone, using notations. Highlight some key parts in your response with ""*"", like *highlighted text*.","Today, at the *54th Annual Emmy Awards*, the *Television Academy* honors the talent and creativity of the artists, directors, and producers who created the best television of the past year. This prestigious event serves as a celebration of excellence in the television industry, bringing together renowned figures and emerging talents alike, all of whom have contributed to the rich tapestry of modern storytelling. 

As we reflect on the myriad of outstanding programs showcased during the past year, we are reminded of the power of television to *inspire, educate,* and *entertain.* From groundbreaking dramas that delve into the complexities of the human experience to innovative comedies that provide a much-needed respite in challenging times, the nominated works stand as a testament to the art form’s resilience and adaptability. 

In particular, the achievements of this year’s honorees highlight the significant strides made in diverse representation and inclusive narratives. The *Television Academy* takes pride in recognizing *emerging voices* and *innovative creators* who continue to push boundaries and challenge the status quo, ensuring that our industry reflects a more comprehensive array of perspectives.

As we proceed with the evening’s celebrations, we look forward to acknowledging not just the artistic merit of these shows but also the profound impact they have on our culture and society. We invite all attendees and viewers to join in commending the exceptional individuals who have made notable contributions to the television landscape this past year.

May the spirit of creativity continue to flourish, and may this event serve as a beacon for future innovators within the field. As we announce the winners of this year's coveted *Emmy Awards*, we reaffirm our commitment to supporting the talented storytellers who shape our narratives and enrich our lives through the medium of television.",352,gen:zero_disc:zero_fullcomp_logodds_selftypcorr_basemodel,No,"You are a strict binary validator.

You will be given a prompt and a response. Determine if the response follows ALL instructions in the prompt exactly.

Rules:
- Every constraint must be satisfied perfectly.
- If ANY constraint is violated, output NO.
- Do not give partial credit.
- Do not infer or assume missing requirements.
- If you are uncertain, output NO.

Prompt: Today, at the 54th Annual Grammy Awards, the Recording Academy honors the talent and creativity of the artists, musicians, and producers who are the creators of the best recordings of the past year. Please continue writing this text in a formal tone, using notations. Highlight some key parts in your response with ""*"", like *highlighted text*.

Response: Today, at the *54th Annual Emmy Awards*, the *Television Academy* honors the talent and creativity of the artists, directors, and producers who created the best television of the past year. This prestigious event serves as a celebration of excellence in the television industry, bringing together renowned figures and emerging talents alike, all of whom have contributed to the rich tapestry of modern storytelling. 

As we reflect on the myriad of outstanding programs showcased during the past year, we are reminded of the power of television to *inspire, educate,* and *entertain.* From groundbreaking dramas that delve into the complexities of the human experience to innovative comedies that provide a much-needed respite in challenging times, the nominated works stand as a testament to the art form’s resilience and adaptability. 

In particular, the achievements of this year’s honorees highlight the significant strides made in diverse representation and inclusive narratives. The *Television Academy* takes pride in recognizing *emerging voices* and *innovative creators* who continue to push boundaries and challenge the status quo, ensuring that our industry reflects a more comprehensive array of perspectives.

As we proceed with the evening’s celebrations, we look forward to acknowledging not just the artistic merit of these shows but also the profound impact they have on our culture and society. We invite all attendees and viewers to join in commending the exceptional individuals who have made notable contributions to the television landscape this past year.

May the spirit of creativity continue to flourish, and may this event serve as a beacon for future innovators within the field. As we announce the winners of this year's coveted *Emmy Awards*, we reaffirm our commitment to supporting the talented storytellers who shape our narratives and enrich our lives through the medium of television.

Output exactly one word: YES or NO.",-2.516033172607422,-2182.632568359375,-1518.8120727539062,-6.200660705566406,-4.314807024869052,/workspace/eval_model_s3
"Today, at the 54th Annual Grammy Awards, the Recording Academy honors the talent and creativity of the artists, musicians, and producers who are the creators of the best recordings of the past year. Please continue writing this text in a formal tone, using notations. Highlight some key parts in your response with ""*"", like *highlighted text*.","Today, at the *54th Annual MTV Video Music Awards*, the network pays tribute to the outstanding achievements in the realm of music videos over the past year. This prestigious ceremony, which has garnered international recognition, serves as a platform for artists to showcase their creativity, innovation, and artistic expression through visual storytelling.

Throughout its history, the MTV Video Music Awards has established itself as a benchmark for musical excellence, celebrating a diverse range of genres and artists. This year's nominees encompass a variety of *exceptional talent*, with several emerging artists sharing the spotlight with seasoned veterans.

Noteworthy categories include *Video of the Year*, *Best New Artist*, and *Best Collaboration*, each designed to acknowledge the unique contributions of individuals and collaborations in the industry. The selection process for nominees is meticulous, taking into account artistic merit, public acclaim, and the overall impact of the videos within the cultural landscape.

Additionally, this year's ceremony promises several *highly anticipated performances*, as artists prepare to deliver electrifying renditions of their latest hits. Viewers can look forward to a celebration that not only honors past accomplishments but also sets the stage for future musical endeavors.

In conclusion, the 54th Annual MTV Video Music Awards not only celebrates the artistic achievements of the previous year but also reaffirms the importance of *music videos* in shaping popular culture. The awards will undoubtedly continue to influence and inspire artists for generations to come.",290,gen:zero_disc:zero_fullcomp_logodds_selftypcorr_basemodel,No,"You are a strict binary validator.

You will be given a prompt and a response. Determine if the response follows ALL instructions in the prompt exactly.

Rules:
- Every constraint must be satisfied perfectly.
- If ANY constraint is violated, output NO.
- Do not give partial credit.
- Do not infer or assume missing requirements.
- If you are uncertain, output NO.

Prompt: Today, at the 54th Annual Grammy Awards, the Recording Academy honors the talent and creativity of the artists, musicians, and producers who are the creators of the best recordings of the past year. Please continue writing this text in a formal tone, using notations. Highlight some key parts in your response with ""*"", like *highlighted text*.

Response: Today, at the *54th Annual MTV Video Music Awards*, the network pays tribute to the outstanding achievements in the realm of music videos over the past year. This prestigious ceremony, which has garnered international recognition, serves as a platform for artists to showcase their creativity, innovation, and artistic expression through visual storytelling.

Throughout its history, the MTV Video Music Awards has established itself as a benchmark for musical excellence, celebrating a diverse range of genres and artists. This year's nominees encompass a variety of *exceptional talent*, with several emerging artists sharing the spotlight with seasoned veterans.

Noteworthy categories include *Video of the Year*, *Best New Artist*, and *Best Collaboration*, each designed to acknowledge the unique contributions of individuals and collaborations in the industry. The selection process for nominees is meticulous, taking into account artistic merit, public acclaim, and the overall impact of the videos within the cultural landscape.

Additionally, this year's ceremony promises several *highly anticipated performances*, as artists prepare to deliver electrifying renditions of their latest hits. Viewers can look forward to a celebration that not only honors past accomplishments but also sets the stage for future musical endeavors.

In conclusion, the 54th Annual MTV Video Music Awards not only celebrates the artistic achievements of the previous year but also reaffirms the importance of *music videos* in shaping popular culture. The awards will undoubtedly continue to influence and inspire artists for generations to come.

Output exactly one word: YES or NO.",-3.7694549560546875,-1455.9951171875,-947.900390625,-5.020672817887931,-3.268622036637931,/workspace/eval_model_s3
"Today, at the 54th Annual Grammy Awards, the Recording Academy honors the talent and creativity of the artists, musicians, and producers who are the creators of the best recordings of the past year. Please continue writing this text in a formal tone, using notations. Highlight some key parts in your response with ""*"", like *highlighted text*.","The 54th Annual Grammy Awards serve as a prestigious platform for recognizing and celebrating the artistic achievements and contributions within the music industry. Each year, the Recording Academy meticulously evaluates the plethora of submissions to honor those who have made significant impacts through their recordings.

Notably, the ceremony showcases an array of performances that exemplify artistic innovation and excellence, featuring established icons as well as emerging talents across various genres. Through awards that span categories such as Album of the Year, Song of the Year, and Best New Artist, the Academy endeavors to acknowledge the breadth of creativity present within the contemporary musical landscape (1).

In addition to honoring recorded works, the Grammy Awards foster community engagement and dialogue about the cultural relevance of music. They serve as an opportunity for artists to come together in solidarity and celebration of their collective achievements, thereby highlighting the vital role of music as a unifying force in society (2).

Furthermore, the ceremony includes tributes and special presentations that pay homage to the enduring influence of legendary figures within the music industry, underscoring the importance of preserving artistic legacies while inspiring future generations of musicians (3). 

The Grammy Awards continue to embody the ideals of integrity and professionalism that the Recording Academy upholds, providing an annual touchstone for reflection on the year’s creative accomplishments. As we gather to applaud these exceptional individuals and their contributions, we also reaffirm our commitment to championing the diversity and inclusivity that defines the vibrant tapestry of music (4).

---
(1) Category definitions, such as Album of the Year and Song of the Year, align with the Grammy's broader purpose of recognizing various aspects of musical talent.
(2) The unifying power of music serves as an essential theme in discussions surrounding artistic creation and appreciation.
(3) Homages and tributes illustrate the interplay between the legacy of the past and the future trajectory of the industry.
(4) The commitment to diversity underscores ongoing efforts to represent a wide spectrum of artistic voices within the musical community.",400,gen:zero_disc:zero_fullcomp_logodds_selftypcorr_basemodel,No,"You are a strict binary validator.

You will be given a prompt and a response. Determine if the response follows ALL instructions in the prompt exactly.

Rules:
- Every constraint must be satisfied perfectly.
- If ANY constraint is violated, output NO.
- Do not give partial credit.
- Do not infer or assume missing requirements.
- If you are uncertain, output NO.

Prompt: Today, at the 54th Annual Grammy Awards, the Recording Academy honors the talent and creativity of the artists, musicians, and producers who are the creators of the best recordings of the past year. Please continue writing this text in a formal tone, using notations. Highlight some key parts in your response with ""*"", like *highlighted text*.

Response: The 54th Annual Grammy Awards serve as a prestigious platform for recognizing and celebrating the artistic achievements and contributions within the music industry. Each year, the Recording Academy meticulously evaluates the plethora of submissions to honor those who have made significant impacts through their recordings.

Notably, the ceremony showcases an array of performances that exemplify artistic innovation and excellence, featuring established icons as well as emerging talents across various genres. Through awards that span categories such as Album of the Year, Song of the Year, and Best New Artist, the Academy endeavors to acknowledge the breadth of creativity present within the contemporary musical landscape (1).

In addition to honoring recorded works, the Grammy Awards foster community engagement and dialogue about the cultural relevance of music. They serve as an opportunity for artists to come together in solidarity and celebration of their collective achievements, thereby highlighting the vital role of music as a unifying force in society (2).

Furthermore, the ceremony includes tributes and special presentations that pay homage to the enduring influence of legendary figures within the music industry, underscoring the importance of preserving artistic legacies while inspiring future generations of musicians (3). 

The Grammy Awards continue to embody the ideals of integrity and professionalism that the Recording Academy upholds, providing an annual touchstone for reflection on the year’s creative accomplishments. As we gather to applaud these exceptional individuals and their contributions, we also reaffirm our commitment to championing the diversity and inclusivity that defines the vibrant tapestry of music (4).

---
(1) Category definitions, such as Album of the Year and Song of the Year, align with the Grammy's broader purpose of recognizing various aspects of musical talent.
(2) The unifying power of music serves as an essential theme in discussions surrounding artistic creation and appreciation.
(3) Homages and tributes illustrate the interplay between the legacy of the past and the future trajectory of the industry.
(4) The commitment to diversity underscores ongoing efforts to represent a wide spectrum of artistic voices within the musical community.

Output exactly one word: YES or NO.",1.6765260696411133,-1243.8795166015625,-383.56036376953125,-3.1096987915039063,-0.9589009094238281,/workspace/eval_model_s3
"Today, at the 54th Annual Grammy Awards, the Recording Academy honors the talent and creativity of the artists, musicians, and producers who are the creators of the best recordings of the past year. Please continue writing this text in a formal tone, using notations. Highlight some key parts in your response with ""*"", like *highlighted text*.","Today, at the 54th Annual Grammy Awards, the Recording Academy honors the talent and creativity of the artists, musicians, and producers who are the creators of the best recordings of the past year. This prestigious event celebrates the rich diversity and innovation that define contemporary music, showcasing a wide array of genres and styles that reflect the evolving landscape of the music industry. 

*As we gather to acknowledge these remarkable contributions*, we must consider the significance of recognition through the Grammy Awards. This ceremony not only serves as a platform for celebrating artistic achievement but also highlights the impact that music has on culture and society at large. *The nominees and winners embody the spirit of perseverance and artistic excellence*, often emerging from backgrounds marked by personal challenges and dedication to their craft.

In particular, we shall be witnessing *celebrated artists* across various categories, ranging from the mainstream appeal of pop and rock to the soulful rhythms of R&B and the intricate harmonies found in classical music. Moreover, this year emphasizes the *importance of inclusivity and representation* within the music industry, showcasing talents that reflect a broader spectrum of experiences and stories. 

*It is imperative to recognize the evolving role of technology* and the internet in shaping modern music consumption and production. As such, artists are leveraging digital platforms to connect with audiences, influencing how music is created, shared, and appreciated in real time. This evolution demands recognition and adaptation from industry stakeholders, ensuring that the artistry celebrated tonight continues to flourish.

As the evening unfolds, we are reminded that the Grammy Awards are not merely a celebration of accolades, but also an opportunity to reflect on the transformative power of music, inspiring countless individuals around the globe. *Through the lens of tonight’s honorees*, we bear witness to the artistry that connects us all, reaffirming the role of music as a universal language transcending boundaries and fostering unity.

*In conclusion*, as we await the results of the nominations and celebrate the winners, let us pay tribute to all those whose talent has illuminated the past year in music, reminding us of the beauty, resilience, and inspiration found within every note.",428,gen:zero_disc:zero_fullcomp_logodds_selftypcorr_basemodel,Yes,"You are a strict binary validator.

You will be given a prompt and a response. Determine if the response follows ALL instructions in the prompt exactly.

Rules:
- Every constraint must be satisfied perfectly.
- If ANY constraint is violated, output NO.
- Do not give partial credit.
- Do not infer or assume missing requirements.
- If you are uncertain, output NO.

Prompt: Today, at the 54th Annual Grammy Awards, the Recording Academy honors the talent and creativity of the artists, musicians, and producers who are the creators of the best recordings of the past year. Please continue writing this text in a formal tone, using notations. Highlight some key parts in your response with ""*"", like *highlighted text*.

Response: Today, at the 54th Annual Grammy Awards, the Recording Academy honors the talent and creativity of the artists, musicians, and producers who are the creators of the best recordings of the past year. This prestigious event celebrates the rich diversity and innovation that define contemporary music, showcasing a wide array of genres and styles that reflect the evolving landscape of the music industry. 

*As we gather to acknowledge these remarkable contributions*, we must consider the significance of recognition through the Grammy Awards. This ceremony not only serves as a platform for celebrating artistic achievement but also highlights the impact that music has on culture and society at large. *The nominees and winners embody the spirit of perseverance and artistic excellence*, often emerging from backgrounds marked by personal challenges and dedication to their craft.

In particular, we shall be witnessing *celebrated artists* across various categories, ranging from the mainstream appeal of pop and rock to the soulful rhythms of R&B and the intricate harmonies found in classical music. Moreover, this year emphasizes the *importance of inclusivity and representation* within the music industry, showcasing talents that reflect a broader spectrum of experiences and stories. 

*It is imperative to recognize the evolving role of technology* and the internet in shaping modern music consumption and production. As such, artists are leveraging digital platforms to connect with audiences, influencing how music is created, shared, and appreciated in real time. This evolution demands recognition and adaptation from industry stakeholders, ensuring that the artistry celebrated tonight continues to flourish.

As the evening unfolds, we are reminded that the Grammy Awards are not merely a celebration of accolades, but also an opportunity to reflect on the transformative power of music, inspiring countless individuals around the globe. *Through the lens of tonight’s honorees*, we bear witness to the artistry that connects us all, reaffirming the role of music as a universal language transcending boundaries and fostering unity.

*In conclusion*, as we await the results of the nominations and celebrate the winners, let us pay tribute to all those whose talent has illuminated the past year in music, reminding us of the beauty, resilience, and inspiration found within every note.

Output exactly one word: YES or NO.",1.314779281616211,-1315.5775146484375,-440.424072265625,-3.073779239832798,-1.0290282062280958,/workspace/eval_model_s3
"Today, at the 54th Annual Grammy Awards, the Recording Academy honors the talent and creativity of the artists, musicians, and producers who are the creators of the best recordings of the past year. Please continue writing this text in a formal tone, using notations. Highlight some key parts in your response with ""*"", like *highlighted text*.","Today, at the 54th Annual Grammy Awards, the Recording Academy honors the talent and creativity of the artists, musicians, and producers who are the creators of the best recordings of the past year. This esteemed ceremony not only serves as a recognition of outstanding artistic achievement but also as a celebration of the *rich tapestry of music* that shapes our culture and connects us across diverse backgrounds. 

As we gather in anticipation of revealing this year's *notable winners*, the event embodies a profound respect for innovation and dedication in the music industry. With categories spanning various genres—from *Pop* and *Rock* to *Jazz* and *Classical*—each nomination reflects a commitment to excellence and the continual evolution of sound.

The awards ceremony also places a significant emphasis on *diversity* and *inclusivity*, ensuring that all voices within the music community are acknowledged and celebrated. This year, the Recording Academy has introduced several new categories aimed at recognizing underrepresented genres and contributions, highlighting the ongoing efforts to foster a more equitable industry. 

In conclusion, the 54th Annual Grammy Awards stands as a tribute to not only the *stellar artists* of today but also the timeless influence of music on society. It is a reminder of the *powerful role* that artistry plays in our lives and the *inspiration* it can ignite in future generations. As the evening unfolds, let us embrace the moment to honor these extraordinary creators and the musical legacies they are crafting.",298,gen:zero_disc:zero_fullcomp_logodds_selftypcorr_basemodel,Yes,"You are a strict binary validator.

You will be given a prompt and a response. Determine if the response follows ALL instructions in the prompt exactly.

Rules:
- Every constraint must be satisfied perfectly.
- If ANY constraint is violated, output NO.
- Do not give partial credit.
- Do not infer or assume missing requirements.
- If you are uncertain, output NO.

Prompt: Today, at the 54th Annual Grammy Awards, the Recording Academy honors the talent and creativity of the artists, musicians, and producers who are the creators of the best recordings of the past year. Please continue writing this text in a formal tone, using notations. Highlight some key parts in your response with ""*"", like *highlighted text*.

Response: Today, at the 54th Annual Grammy Awards, the Recording Academy honors the talent and creativity of the artists, musicians, and producers who are the creators of the best recordings of the past year. This esteemed ceremony not only serves as a recognition of outstanding artistic achievement but also as a celebration of the *rich tapestry of music* that shapes our culture and connects us across diverse backgrounds. 

As we gather in anticipation of revealing this year's *notable winners*, the event embodies a profound respect for innovation and dedication in the music industry. With categories spanning various genres—from *Pop* and *Rock* to *Jazz* and *Classical*—each nomination reflects a commitment to excellence and the continual evolution of sound.

The awards ceremony also places a significant emphasis on *diversity* and *inclusivity*, ensuring that all voices within the music community are acknowledged and celebrated. This year, the Recording Academy has introduced several new categories aimed at recognizing underrepresented genres and contributions, highlighting the ongoing efforts to foster a more equitable industry. 

In conclusion, the 54th Annual Grammy Awards stands as a tribute to not only the *stellar artists* of today but also the timeless influence of music on society. It is a reminder of the *powerful role* that artistry plays in our lives and the *inspiration* it can ignite in future generations. As the evening unfolds, let us embrace the moment to honor these extraordinary creators and the musical legacies they are crafting.

Output exactly one word: YES or NO.",2.2009658813476562,-815.37841796875,-210.2093505859375,-2.7361691878145975,-0.7054005053219379,/workspace/eval_model_s3
"Today, at the 54th Annual Grammy Awards, the Recording Academy honors the talent and creativity of the artists, musicians, and producers who are the creators of the best recordings of the past year. Please continue writing this text in a formal tone, using notations. Highlight some key parts in your response with ""*"", like *highlighted text*.","Today, at the 54th Annual Emmy Awards, the Television Academy honors the *talent* and *creativity* of the artists, directors, and producers who created the best television of the past year. This prestigious ceremony serves not only as a celebration of excellence in the television industry but also as a reflection of the cultural impact and significance of television as a medium in contemporary society.

As we gather to acknowledge the accomplishments of both emerging and established figures in this vibrant field, we are reminded of the *importance of storytelling*. Through the power of narratives, television shapes public discourse and influences societal perspectives, providing a platform for diverse voices and narratives that resonate with audiences across the globe. 

The Emmy Awards ceremony, characterized by its *elegance and prestige*, showcases various categories, including Outstanding Drama Series, Outstanding Comedy Series, and Outstanding Limited Series, among others. Each nomination is a testament to the dedication, innovation, and artistic vision that drive the creative process within this dynamic industry. 

Moreover, tonight’s event presents a unique opportunity to not only celebrate *individual achievements* but also to recognize the collaborative spirit that defines television production. The contributions of writers, actors, cinematographers, and production crews underscore the collaborative nature of this art form, illuminating the hard work and passion that are essential to creating captivating content.

As we proceed with the awards, let us appreciate the creativity and determination that continues to push the boundaries of television. We look forward to celebrating both *past accomplishments* and the future endeavors that will undoubtedly emerge from this ever-evolving landscape. The significance of tonight extends beyond mere accolades; it reaffirms our collective commitment to nurturing and promoting excellence in television artistry for years to come.",345,gen:zero_disc:zero_fullcomp_logodds_selftypcorr_basemodel,No,"You are a strict binary validator.

You will be given a prompt and a response. Determine if the response follows ALL instructions in the prompt exactly.

Rules:
- Every constraint must be satisfied perfectly.
- If ANY constraint is violated, output NO.
- Do not give partial credit.
- Do not infer or assume missing requirements.
- If you are uncertain, output NO.

Prompt: Today, at the 54th Annual Grammy Awards, the Recording Academy honors the talent and creativity of the artists, musicians, and producers who are the creators of the best recordings of the past year. Please continue writing this text in a formal tone, using notations. Highlight some key parts in your response with ""*"", like *highlighted text*.

Response: Today, at the 54th Annual Emmy Awards, the Television Academy honors the *talent* and *creativity* of the artists, directors, and producers who created the best television of the past year. This prestigious ceremony serves not only as a celebration of excellence in the television industry but also as a reflection of the cultural impact and significance of television as a medium in contemporary society.

As we gather to acknowledge the accomplishments of both emerging and established figures in this vibrant field, we are reminded of the *importance of storytelling*. Through the power of narratives, television shapes public discourse and influences societal perspectives, providing a platform for diverse voices and narratives that resonate with audiences across the globe. 

The Emmy Awards ceremony, characterized by its *elegance and prestige*, showcases various categories, including Outstanding Drama Series, Outstanding Comedy Series, and Outstanding Limited Series, among others. Each nomination is a testament to the dedication, innovation, and artistic vision that drive the creative process within this dynamic industry. 

Moreover, tonight’s event presents a unique opportunity to not only celebrate *individual achievements* but also to recognize the collaborative spirit that defines television production. The contributions of writers, actors, cinematographers, and production crews underscore the collaborative nature of this art form, illuminating the hard work and passion that are essential to creating captivating content.

As we proceed with the awards, let us appreciate the creativity and determination that continues to push the boundaries of television. We look forward to celebrating both *past accomplishments* and the future endeavors that will undoubtedly emerge from this ever-evolving landscape. The significance of tonight extends beyond mere accolades; it reaffirms our collective commitment to nurturing and promoting excellence in television artistry for years to come.

Output exactly one word: YES or NO.",-1.6864938735961914,-2125.968505859375,-1468.387939453125,-6.16222755321558,-4.256196925951087,/workspace/eval_model_s3
"Today, at the 54th Annual Grammy Awards, the Recording Academy honors the talent and creativity of the artists, musicians, and producers who are the creators of the best recordings of the past year. Please continue writing this text in a formal tone, using notations. Highlight some key parts in your response with ""*"", like *highlighted text*.","Today, at the 54th Annual Emmy Awards, the Television Academy honors the talent and creativity of the artists, directors, and producers who created the best television of the past year. This prestigious ceremony celebrates excellence across various genres and formats, reflecting the diverse storytelling and groundbreaking innovations that have emerged within the television industry.

Among the nominees are numerous *noteworthy series* that have captivated audiences and critics alike, demonstrating remarkable production values, compelling narratives, and unforgettable performances. Each category highlights the *dedication and hard work* of individuals and teams committed to elevating the medium of television to new heights.

As the evening unfolds, we anticipate *moving speeches* that encapsulate the passion and commitment of those in attendance. The ceremony not only recognizes outstanding achievements in television but also serves as a *reminder of the power of storytelling* to connect, inspire, and entertain.

Moreover, special tributes may be presented to honor the contributions of *legendary figures* who have paved the way for current and future generations of television creators. In celebrating their legacies, the Television Academy underscores the *impact of the television medium* in shaping cultural conversations and fostering community through shared viewing experiences.

As we reflect on the incredible body of work showcased this year, it is clear that the artistry and talent present at the Emmys play an essential role in defining the landscape of contemporary television. The winners and nominees alike demonstrate a *commitment to quality and innovation*, ensuring that the art form continues to thrive in the years to come.",302,gen:zero_disc:zero_fullcomp_logodds_selftypcorr_basemodel,No,"You are a strict binary validator.

You will be given a prompt and a response. Determine if the response follows ALL instructions in the prompt exactly.

Rules:
- Every constraint must be satisfied perfectly.
- If ANY constraint is violated, output NO.
- Do not give partial credit.
- Do not infer or assume missing requirements.
- If you are uncertain, output NO.

Prompt: Today, at the 54th Annual Grammy Awards, the Recording Academy honors the talent and creativity of the artists, musicians, and producers who are the creators of the best recordings of the past year. Please continue writing this text in a formal tone, using notations. Highlight some key parts in your response with ""*"", like *highlighted text*.

Response: Today, at the 54th Annual Emmy Awards, the Television Academy honors the talent and creativity of the artists, directors, and producers who created the best television of the past year. This prestigious ceremony celebrates excellence across various genres and formats, reflecting the diverse storytelling and groundbreaking innovations that have emerged within the television industry.

Among the nominees are numerous *noteworthy series* that have captivated audiences and critics alike, demonstrating remarkable production values, compelling narratives, and unforgettable performances. Each category highlights the *dedication and hard work* of individuals and teams committed to elevating the medium of television to new heights.

As the evening unfolds, we anticipate *moving speeches* that encapsulate the passion and commitment of those in attendance. The ceremony not only recognizes outstanding achievements in television but also serves as a *reminder of the power of storytelling* to connect, inspire, and entertain.

Moreover, special tributes may be presented to honor the contributions of *legendary figures* who have paved the way for current and future generations of television creators. In celebrating their legacies, the Television Academy underscores the *impact of the television medium* in shaping cultural conversations and fostering community through shared viewing experiences.

As we reflect on the incredible body of work showcased this year, it is clear that the artistry and talent present at the Emmys play an essential role in defining the landscape of contemporary television. The winners and nominees alike demonstrate a *commitment to quality and innovation*, ensuring that the art form continues to thrive in the years to come.

Output exactly one word: YES or NO.",-2.244863510131836,-1824.1810302734375,-1225.4519653320312,-6.040334537329263,-4.0577879646756,/workspace/eval_model_s3
